,SEASON_ID,Player_ID,Game_ID,GAME_DATE,MATCHUP,WL,MIN,FGM,FGA,FG_PCT,FG3M,FG3A,FG3_PCT,FTM,FTA,FT_PCT,OREB,DREB,REB,AST,STL,BLK,TOV,PF,PTS,PLUS_MINUS,VIDEO_AVAILABLE
0,22005,1496,0020501069,"MAR 31, 2006",DAL @ ORL,L,11,1,6,0.167,0,2,0.0,0,0,0.0,0,0,0.0,0,1,0,0,1,2,-13,0
1,22005,1496,0020501057,"MAR 29, 2006",DAL @ CLE,L,19,1,4,0.25,0,2,0.0,2,2,1.0,1,3,4.0,1,1,0,1,3,4,-12,0
2,22005,1496,0020501048,"MAR 28, 2006",DAL @ DET,L,26,7,9,0.778,3,5,0.6,1,2,0.5,0,2,2.0,1,0,0,2,1,18,11,0
3,22005,1496,0020501028,"MAR 25, 2006",DAL @ ATL,W,11,0,2,0.0,0,0,0.0,0,0,0.0,0,0,0.0,0,0,0,1,2,0,-6,0
4,22005,1496,0020500862,"MAR 03, 2006",DAL vs. CHA,W,4,0,1,0.0,0,0,0.0,0,0,0.0,0,0,0.0,0,0,0,0,0,0,-3,0
5,22005,1496,0020500856,"MAR 02, 2006",DAL @ SAS,L,19,2,8,0.25,1,3,0.333,1,2,0.5,0,2,2.0,0,0,0,1,1,6,-15,0
6,22005,1496,0020500814,"FEB 25, 2006",DAL vs. TOR,W,23,2,7,0.286,1,3,0.333,0,0,0.0,3,3,6.0,0,0,0,0,0,5,24,0
7,22005,1496,0020500801,"FEB 23, 2006",DAL vs. MEM,W,11,1,3,0.333,0,1,0.0,0,2,0.0,0,2,2.0,0,0,0,0,5,2,-1,0
8,22005,1496,0020500785,"FEB 21, 2006",DAL vs. LAC,W,14,1,5,0.2,0,1,0.0,6,6,1.0,0,1,1.0,0,0,0,1,0,8,-2,0
9,22005,1496,0020500773,"FEB 15, 2006",DAL vs. WAS,W,17,2,6,0.333,1,4,0.25,2,2,1.0,0,0,0.0,0,0,0,1,2,7,4,0
10,22005,1496,0020500755,"FEB 13, 2006",DAL vs. NYK,W,20,4,10,0.4,2,5,0.4,1,1,1.0,0,2,2.0,0,2,2,1,2,11,17,0
11,22005,1496,0020500734,"FEB 10, 2006",DAL @ DEN,L,31,9,15,0.6,3,5,0.6,0,0,0.0,1,6,7.0,2,1,0,0,2,21,19,0
12,22005,1496,0020500723,"FEB 09, 2006",DAL vs. MIA,W,23,5,9,0.556,2,3,0.667,2,2,1.0,0,4,4.0,1,0,0,1,2,14,15,0
13,22005,1496,0020500709,"FEB 07, 2006",DAL vs. LAL,W,23,3,5,0.6,1,2,0.5,0,0,0.0,3,2,5.0,1,2,1,1,3,7,14,0
14,22005,1496,0020500691,"FEB 04, 2006",DAL vs. SEA,W,19,2,7,0.286,0,3,0.0,0,0,0.0,0,2,2.0,1,2,0,1,1,4,5,0
15,22005,1496,0020500668,"FEB 01, 2006",DAL @ MEM,W,17,3,6,0.5,0,1,0.0,0,0,0.0,2,4,6.0,1,1,0,2,1,6,-6,0
16,22005,1496,0020500659,"JAN 31, 2006",DAL vs. CHI,W,22,3,5,0.6,1,3,0.333,5,6,0.833,0,5,5.0,1,0,0,1,2,12,12,0
17,22005,1496,0020500637,"JAN 28, 2006",DAL vs. UTA,W,17,6,12,0.5,3,5,0.6,0,0,0.0,0,3,3.0,1,0,0,0,1,15,-1,0
18,22005,1496,0020500618,"JAN 26, 2006",DAL @ SEA,W,14,3,4,0.75,1,2,0.5,2,2,1.0,0,3,3.0,1,0,0,1,2,9,5,0
19,22005,1496,0020500615,"JAN 25, 2006",DAL @ GSW,W,16,1,4,0.25,0,2,0.0,0,0,0.0,2,1,3.0,3,0,0,0,3,2,13,0
20,22005,1496,0020500546,"JAN 16, 2006",DAL vs. MIL,W,6,3,4,0.75,1,1,1.0,2,2,1.0,1,1,2.0,0,0,0,0,0,9,3,0
21,22005,1496,0020500527,"JAN 14, 2006",DAL vs. NJN,W,19,8,9,0.889,5,6,0.833,2,2,1.0,1,2,3.0,0,0,1,2,4,23,15,0
22,22005,1496,0020500503,"JAN 11, 2006",DAL @ NYK,L,18,3,6,0.5,0,1,0.0,0,0,0.0,1,0,1.0,1,1,0,0,1,6,-1,0
23,22005,1496,0020500488,"JAN 09, 2006",DAL @ BOS,W,23,3,10,0.3,3,4,0.75,3,4,0.75,2,4,6.0,1,0,0,3,1,12,4,0
24,22005,1496,0020500478,"JAN 07, 2006",DAL vs. MIN,W,14,1,4,0.25,1,2,0.5,0,0,0.0,0,4,4.0,0,0,0,0,1,3,1,0
25,22005,1496,0020500468,"JAN 06, 2006",DAL @ DEN,W,19,4,10,0.4,1,2,0.5,2,2,1.0,2,4,6.0,0,0,0,2,2,11,-2,0
26,22005,1496,0020500452,"JAN 04, 2006",DAL @ MIN,L,18,1,6,0.167,0,1,0.0,0,0,0.0,1,1,2.0,2,1,0,1,2,2,-6,0
27,22005,1496,0020500445,"JAN 03, 2006",DAL vs. POR,W,17,2,9,0.222,0,2,0.0,2,2,1.0,2,2,4.0,2,0,1,4,4,6,-1,0
28,22005,1496,0020500428,"DEC 31, 2005",DAL @ NOK,W,16,1,4,0.25,0,0,0.0,2,2,1.0,1,4,5.0,1,1,0,1,2,4,7,0
29,22005,1496,0020500423,"DEC 30, 2005",DAL vs. GSW,L,15,2,6,0.333,0,0,0.0,4,4,1.0,0,2,2.0,1,1,1,3,1,8,7,0
30,22005,1496,0020500384,"DEC 23, 2005",DAL @ SEA,W,18,0,7,0.0,0,3,0.0,0,0,0.0,1,2,3.0,1,1,0,1,2,0,-7,0
31,22005,1496,0020500370,"DEC 22, 2005",DAL @ SAC,W,17,1,4,0.25,0,2,0.0,0,0,0.0,0,2,2.0,1,1,0,3,4,2,-7,0
32,22005,1496,0020500359,"DEC 20, 2005",DAL @ LAL,L,24,4,10,0.4,0,3,0.0,0,0,0.0,2,4,6.0,0,0,0,0,3,8,-5,0
33,22005,1496,0020500344,"DEC 18, 2005",DAL vs. MIN,W,24,5,9,0.556,2,2,1.0,1,2,0.5,0,2,2.0,0,0,0,1,3,13,9,0
34,22005,1496,0020500330,"DEC 16, 2005",DAL vs. ORL,W,25,2,5,0.4,1,3,0.333,0,0,0.0,0,3,3.0,0,2,0,1,1,5,2,0
35,22005,1496,0020500297,"DEC 12, 2005",DAL vs. LAL,L,5,0,1,0.0,0,1,0.0,0,0,0.0,0,1,1.0,0,0,0,1,1,0,-7,0
36,22005,1496,0020500288,"DEC 10, 2005",DAL vs. BOS,W,20,4,8,0.5,1,3,0.333,0,0,0.0,1,1,2.0,0,1,0,0,0,9,5,0
37,22005,1496,0020500273,"DEC 09, 2005",DAL @ MEM,W,26,4,9,0.444,2,2,1.0,3,4,0.75,0,4,4.0,1,1,1,2,3,13,-10,0
38,22005,1496,0020500250,"DEC 06, 2005",DAL @ IND,W,30,4,11,0.364,0,3,0.0,3,4,0.75,1,3,4.0,1,2,0,1,2,11,-4,0
39,22005,1496,0020500246,"DEC 05, 2005",DAL @ CHI,W,21,4,8,0.5,3,6,0.5,2,2,1.0,0,3,3.0,0,1,0,3,4,13,8,0
40,22005,1496,0020500235,"DEC 03, 2005",DAL vs. NOK,W,24,5,12,0.417,0,3,0.0,0,0,0.0,0,2,2.0,2,0,1,1,4,10,-10,0
41,22005,1496,0020500217,"DEC 01, 2005",DAL vs. SAS,L,35,2,8,0.25,1,4,0.25,7,8,0.875,0,3,3.0,0,1,0,3,4,12,14,0
42,22005,1496,0020500199,"NOV 29, 2005",DAL @ MIL,L,27,5,7,0.714,2,3,0.667,2,3,0.667,3,0,3.0,2,0,0,1,6,14,8,0
43,22005,1496,0020500193,"NOV 28, 2005",DAL @ TOR,W,26,3,10,0.3,0,3,0.0,2,2,1.0,4,4,8.0,0,0,1,1,2,8,8,0
44,22005,1496,0020500187,"NOV 26, 2005",DAL vs. MEM,L,29,1,5,0.2,1,2,0.5,7,8,0.875,2,5,7.0,0,4,0,3,2,10,-15,0
45,22005,1496,0020500172,"NOV 25, 2005",DAL @ MIA,W,21,3,7,0.429,2,5,0.4,0,0,0.0,0,2,2.0,0,0,0,0,0,8,6,0
46,22005,1496,0020500118,"NOV 17, 2005",DAL vs. ATL,W,25,5,10,0.5,0,1,0.0,4,4,1.0,2,3,5.0,2,0,0,2,4,14,0,0
47,22005,1496,0020500085,"NOV 12, 2005",DAL @ NOK,W,30,6,12,0.5,1,3,0.333,2,2,1.0,1,2,3.0,0,0,0,0,1,15,2,0
48,22005,1496,0020500075,"NOV 11, 2005",DAL @ CHA,W,21,4,7,0.571,2,3,0.667,6,8,0.75,1,1,2.0,0,0,0,1,5,16,3,0
49,22005,1496,0020500056,"NOV 09, 2005",DAL @ PHI,L,37,9,16,0.563,0,5,0.0,1,2,0.5,4,9,13.0,1,2,0,6,4,19,-25,0
50,22005,1496,0020500039,"NOV 05, 2005",DAL vs. SAS,W,19,2,5,0.4,0,1,0.0,5,6,0.833,2,3,5.0,1,0,0,1,5,9,10,0
51,22005,1496,0020500014,"NOV 02, 2005",DAL @ UTA,L,30,4,11,0.364,0,2,0.0,3,3,1.0,4,7,11.0,3,1,1,6,5,11,-5,0
52,22005,1496,0020500003,"NOV 01, 2005",DAL @ PHX,W,37,3,9,0.333,2,2,1.0,7,10,0.7,3,3,6.0,0,0,1,2,4,15,10,0
53,22004,1496,0020401224,"APR 20, 2005",DAL @ MEM,W,15,4,5,0.8,0,1,0.0,2,2,1.0,0,2,2.0,3,0,0,2,2,10,-5,0
54,22004,1496,0020401215,"APR 19, 2005",DAL vs. SEA,W,20,2,6,0.333,0,0,0.0,2,4,0.5,2,4,6.0,1,0,0,3,0,6,9,0
55,22004,1496,0020401196,"APR 17, 2005",DAL @ LAL,W,19,2,7,0.286,1,2,0.5,1,2,0.5,1,0,1.0,0,0,0,0,1,6,-5,0
56,22004,1496,0020401172,"APR 14, 2005",DAL @ POR,W,32,5,12,0.417,0,1,0.0,2,2,1.0,2,5,7.0,3,0,0,2,5,12,4,0
57,22004,1496,0020401168,"APR 13, 2005",DAL @ SEA,W,24,4,8,0.5,2,4,0.5,2,4,0.5,0,1,1.0,0,1,0,0,1,12,-4,0
58,22004,1496,0020401151,"APR 11, 2005",DAL vs. MEM,W,27,4,8,0.5,1,4,0.25,5,5,1.0,0,7,7.0,1,1,1,2,4,14,18,0
59,22004,1496,0020401136,"APR 09, 2005",DAL vs. UTA,W,13,5,7,0.714,0,0,0.0,0,0,0.0,1,2,3.0,1,1,0,2,2,10,6,0
60,22004,1496,0020401117,"APR 07, 2005",DAL vs. SAS,W,22,6,12,0.5,0,3,0.0,5,7,0.714,1,6,7.0,1,2,0,1,3,17,14,0
61,22004,1496,0020401101,"APR 05, 2005",DAL vs. ORL,W,24,3,10,0.3,0,2,0.0,2,2,1.0,0,1,1.0,1,0,0,1,3,8,-7,0
62,22004,1496,0020401085,"APR 03, 2005",DAL @ CLE,L,25,2,8,0.25,0,2,0.0,2,4,0.5,2,4,6.0,1,1,1,2,4,6,-5,0
63,22004,1496,0020401066,"APR 01, 2005",DAL @ PHI,W,20,4,9,0.444,2,2,1.0,5,5,1.0,0,2,2.0,1,0,1,1,2,15,1,0
64,22004,1496,0020401052,"MAR 30, 2005",DAL @ BOS,W,26,9,17,0.529,2,3,0.667,1,1,1.0,2,2,4.0,1,0,0,1,1,21,12,0
65,22004,1496,0020401039,"MAR 28, 2005",DAL @ DET,W,26,6,8,0.75,2,4,0.5,3,5,0.6,2,3,5.0,1,0,0,2,3,17,13,0
66,22004,1496,0020401029,"MAR 26, 2005",DAL vs. CLE,W,26,9,16,0.563,1,4,0.25,4,6,0.667,2,3,5.0,3,1,1,1,3,23,28,0
67,22004,1496,0020401011,"MAR 24, 2005",DAL @ SAC,L,25,7,13,0.538,1,3,0.333,1,1,1.0,0,3,3.0,0,0,0,2,4,16,2,0
68,22004,1496,0020401005,"MAR 23, 2005",DAL @ GSW,W,28,8,11,0.727,2,2,1.0,6,6,1.0,1,1,2.0,1,0,0,0,4,24,17,0
69,22004,1496,0020400988,"MAR 21, 2005",DAL vs. NOK,W,25,3,12,0.25,3,5,0.6,4,4,1.0,5,3,8.0,2,1,0,0,4,13,1,0
70,22004,1496,0020400974,"MAR 19, 2005",DAL vs. CHA,W,14,5,10,0.5,0,2,0.0,0,0,0.0,1,1,2.0,0,0,1,2,4,10,8,0
71,22004,1496,0020400955,"MAR 17, 2005",DAL vs. POR,W,24,5,12,0.417,0,2,0.0,4,6,0.667,4,4,8.0,1,1,2,0,3,14,10,0
72,22004,1496,0020400941,"MAR 15, 2005",DAL vs. MIN,L,27,4,10,0.4,1,3,0.333,5,6,0.833,1,4,5.0,0,2,1,0,4,14,-6,0
73,22004,1496,0020400920,"MAR 13, 2005",DAL @ MIN,W,24,3,7,0.429,0,1,0.0,2,3,0.667,1,3,4.0,1,0,1,0,2,8,-2,0
74,22004,1496,0020400909,"MAR 11, 2005",DAL @ MIL,W,16,2,7,0.286,0,0,0.0,0,0,0.0,0,4,4.0,4,0,0,2,4,4,5,0
75,22004,1496,0020400903,"MAR 10, 2005",DAL vs. LAL,L,20,2,5,0.4,1,2,0.5,2,2,1.0,0,2,2.0,1,0,0,2,3,7,-6,0
76,22004,1496,0020400883,"MAR 07, 2005",DAL vs. TOR,W,29,8,13,0.615,2,3,0.667,1,1,1.0,0,6,6.0,3,0,0,1,4,19,10,0
77,22004,1496,0020400872,"MAR 06, 2005",DAL @ HOU,L,38,4,11,0.364,2,3,0.667,2,4,0.5,1,6,7.0,1,0,0,4,4,12,-7,0
78,22004,1496,0020400864,"MAR 04, 2005",DAL @ LAL,L,26,2,10,0.2,0,1,0.0,4,4,1.0,2,2,4.0,0,1,0,0,1,8,0,0
79,22004,1496,0020400850,"MAR 02, 2005",DAL @ LAC,L,22,4,8,0.5,1,3,0.333,0,0,0.0,0,5,5.0,0,3,0,0,6,9,-2,0
80,22004,1496,0020400832,"FEB 28, 2005",DAL vs. NOK,W,24,3,8,0.375,0,0,0.0,3,4,0.75,1,4,5.0,1,0,0,0,2,9,8,0
81,22004,1496,0020400817,"FEB 26, 2005",DAL vs. PHO,L,23,4,9,0.444,0,2,0.0,2,2,1.0,2,5,7.0,1,0,1,1,5,10,2,0
82,22004,1496,0020400793,"FEB 23, 2005",MIL vs. NJN,W,13,2,5,0.4,0,2,0.0,3,4,0.75,0,2,2.0,0,1,0,0,2,7,8,0
83,22004,1496,0020400782,"FEB 22, 2005",MIL @ CHA,W,13,2,3,0.667,0,0,0.0,0,0,0.0,0,1,1.0,2,0,0,0,3,4,-8,0
84,22004,1496,0020400776,"FEB 16, 2005",MIL @ NYK,L,16,1,4,0.25,0,1,0.0,2,2,1.0,1,0,1.0,0,0,0,1,2,4,-10,0
85,22004,1496,0020400759,"FEB 14, 2005",MIL @ DET,L,16,4,5,0.8,1,2,0.5,0,0,0.0,1,1,2.0,0,0,1,1,3,9,-11,0
86,22004,1496,0020400744,"FEB 12, 2005",MIL vs. ATL,W,16,3,5,0.6,1,2,0.5,4,4,1.0,0,4,4.0,1,2,1,2,2,11,16,0
87,22004,1496,0020400718,"FEB 09, 2005",MIL @ TOR,W,15,3,8,0.375,0,2,0.0,0,0,0.0,2,5,7.0,0,0,1,1,0,6,3,0
88,22004,1496,0020400711,"FEB 08, 2005",MIL vs. BOS,W,14,3,5,0.6,0,1,0.0,2,2,1.0,0,2,2.0,1,1,1,0,1,8,15,0
89,22004,1496,0020400690,"FEB 05, 2005",MIL @ WAS,L,16,2,2,1.0,1,1,1.0,2,2,1.0,0,1,1.0,0,1,0,4,2,7,-5,0
90,22004,1496,0020400684,"FEB 04, 2005",MIL vs. LAC,W,16,2,6,0.333,0,2,0.0,0,0,0.0,1,2,3.0,2,1,0,1,3,4,5,0
91,22004,1496,0020400662,"FEB 01, 2005",MIL vs. MIN,W,15,2,5,0.4,1,1,1.0,0,0,0.0,4,4,8.0,0,0,0,0,1,5,0,0
92,22004,1496,0020400634,"JAN 28, 2005",MIL vs. DEN,L,18,0,1,0.0,0,1,0.0,0,0,0.0,0,1,1.0,2,0,0,1,1,0,-22,0
93,22004,1496,0020400617,"JAN 26, 2005",MIL vs. PHO,L,22,1,3,0.333,0,1,0.0,2,2,1.0,4,2,6.0,2,1,0,4,2,4,0,0
94,22004,1496,0020400594,"JAN 23, 2005",MIL @ NYK,W,26,3,8,0.375,0,2,0.0,1,2,0.5,1,2,3.0,1,2,0,0,4,7,9,0
95,22004,1496,0020400579,"JAN 21, 2005",MIL vs. DET,W,23,2,6,0.333,1,2,0.5,2,2,1.0,1,4,5.0,0,1,0,1,3,7,8,0
96,22004,1496,0020400563,"JAN 19, 2005",MIL @ NJN,L,19,3,9,0.333,0,2,0.0,0,0,0.0,3,2,5.0,1,1,0,2,3,6,-6,0
97,22004,1496,0020400545,"JAN 17, 2005",MIL @ CHA,W,13,2,5,0.4,0,0,0.0,3,5,0.6,0,0,0.0,1,1,0,3,2,7,6,0
98,22004,1496,0020400535,"JAN 15, 2005",MIL @ MEM,L,19,1,3,0.333,1,1,1.0,0,0,0.0,0,1,1.0,3,0,1,0,2,3,7,0
99,22004,1496,0020400526,"JAN 14, 2005",MIL vs. WAS,L,18,3,6,0.5,0,2,0.0,3,4,0.75,0,1,1.0,1,0,0,1,2,9,2,0
100,22004,1496,0020400510,"JAN 12, 2005",MIL @ SAS,L,15,0,2,0.0,0,1,0.0,0,0,0.0,0,1,1.0,0,0,0,3,1,0,-1,0
101,22004,1496,0020400500,"JAN 11, 2005",MIL @ ATL,L,15,4,8,0.5,2,3,0.667,0,0,0.0,1,3,4.0,0,0,0,1,1,10,-7,0
102,22004,1496,0020400211,"DEC 01, 2004",MIL @ BOS,L,39,7,12,0.583,1,1,1.0,6,6,1.0,1,6,7.0,1,1,1,1,4,21,-3,0
103,22004,1496,0020400205,"NOV 30, 2004",MIL vs. LAL,L,45,4,13,0.308,1,5,0.2,2,2,1.0,1,9,10.0,5,0,0,0,3,11,1,0
104,22004,1496,0020400191,"NOV 27, 2004",MIL vs. DET,W,25,7,11,0.636,4,6,0.667,2,2,1.0,3,1,4.0,0,2,0,0,5,20,-1,0
105,22004,1496,0020400168,"NOV 24, 2004",MIL @ PHO,L,30,5,12,0.417,2,2,1.0,0,0,0.0,5,4,9.0,0,0,0,2,2,12,-12,0
106,22004,1496,0020400158,"NOV 23, 2004",MIL @ LAL,L,28,2,11,0.182,1,2,0.5,5,6,0.833,2,8,10.0,0,0,1,1,1,10,-12,0
107,22004,1496,0020400144,"NOV 21, 2004",MIL @ SAC,L,28,7,14,0.5,1,2,0.5,0,0,0.0,0,4,4.0,1,1,0,0,6,15,-4,0
108,22004,1496,0020400127,"NOV 19, 2004",MIL @ POR,L,34,5,11,0.455,0,3,0.0,0,0,0.0,4,3,7.0,3,1,0,2,2,10,-13,0
109,22004,1496,0020400112,"NOV 17, 2004",MIL vs. MIA,L,47,10,14,0.714,3,3,1.0,0,0,0.0,1,5,6.0,5,1,0,1,3,23,-7,0
110,22004,1496,0020400093,"NOV 14, 2004",MIL @ MIA,L,54,10,23,0.435,3,8,0.375,3,4,0.75,6,9,15.0,1,2,2,4,3,26,-3,0
111,22004,1496,0020400086,"NOV 13, 2004",MIL vs. NOK,W,38,5,11,0.455,1,2,0.5,6,6,1.0,2,5,7.0,4,0,0,2,2,17,4,0
112,22004,1496,0020400064,"NOV 10, 2004",MIL vs. CHA,W,39,8,18,0.444,3,9,0.333,4,4,1.0,1,3,4.0,1,0,0,2,3,23,-1,0
113,22004,1496,0020400037,"NOV 06, 2004",MIL vs. CLE,W,40,9,20,0.45,2,5,0.4,2,2,1.0,6,8,14.0,2,0,2,1,4,22,10,0
114,22004,1496,0020400005,"NOV 03, 2004",MIL @ ORL,L,33,6,16,0.375,0,1,0.0,2,4,0.5,4,6,10.0,1,1,0,5,4,14,-7,0
115,22003,1496,0020301182,"APR 14, 2004",MIL vs. TOR,L,17,1,6,0.167,0,2,0.0,0,0,0.0,1,0,1.0,1,0,0,0,1,2,1,0
116,22003,1496,0020301162,"APR 12, 2004",MIL @ CLE,L,24,6,13,0.462,1,3,0.333,2,2,1.0,2,2,4.0,0,1,0,3,2,15,9,0
117,22003,1496,0020301152,"APR 10, 2004",MIL vs. NOH,L,23,1,4,0.25,1,2,0.5,2,2,1.0,3,2,5.0,0,0,1,1,1,5,-8,0
118,22003,1496,0020301116,"APR 06, 2004",MIL @ NJN,W,29,3,8,0.375,1,5,0.2,6,6,1.0,2,4,6.0,0,2,0,2,2,13,9,0
119,22003,1496,0020301106,"APR 04, 2004",MIL @ TOR,W,22,3,5,0.6,0,0,0.0,4,4,1.0,2,4,6.0,1,0,0,1,1,10,4,0
120,22003,1496,0020301097,"APR 02, 2004",MIL vs. CLE,W,21,3,8,0.375,1,3,0.333,0,0,0.0,1,3,4.0,1,1,1,2,1,7,12,0
121,22003,1496,0020301045,"MAR 26, 2004",MIL @ CHI,W,10,1,4,0.25,0,0,0.0,4,4,1.0,3,2,5.0,2,1,0,2,0,6,14,0
122,22003,1496,0020301034,"MAR 24, 2004",MIL @ GSW,L,33,4,10,0.4,1,3,0.333,0,0,0.0,1,7,8.0,2,0,1,2,4,9,-11,0
123,22003,1496,0020301024,"MAR 23, 2004",MIL @ SAC,W,42,8,14,0.571,1,4,0.25,5,5,1.0,3,8,11.0,3,0,0,4,2,22,11,0
124,22003,1496,0020301012,"MAR 21, 2004",MIL @ LAL,L,47,12,20,0.6,4,6,0.667,4,4,1.0,2,7,9.0,0,3,0,0,3,32,-2,0
125,22003,1496,0020301002,"MAR 20, 2004",MIL @ PHX,L,24,6,13,0.462,0,1,0.0,1,1,1.0,5,2,7.0,1,0,0,1,2,13,-9,0
126,22003,1496,0020300972,"MAR 16, 2004",MIL vs. POR,L,32,7,12,0.583,1,2,0.5,2,2,1.0,1,3,4.0,2,0,0,1,1,17,4,0
127,22003,1496,0020300958,"MAR 14, 2004",MIL vs. NYK,L,44,5,15,0.333,3,6,0.5,5,6,0.833,4,3,7.0,1,1,1,2,5,18,4,0
128,22003,1496,0020300945,"MAR 12, 2004",MIL vs. DEN,L,36,10,13,0.769,3,3,1.0,2,2,1.0,3,3,6.0,3,0,1,2,4,25,1,0
129,22003,1496,0020300932,"MAR 10, 2004",MIL vs. ATL,W,39,5,14,0.357,0,1,0.0,13,14,0.929,3,8,11.0,2,4,1,2,3,23,12,0
130,22003,1496,0020300913,"MAR 08, 2004",MIL @ PHI,L,20,3,7,0.429,0,0,0.0,4,4,1.0,2,1,3.0,1,0,1,3,6,10,-9,0
131,22003,1496,0020300899,"MAR 06, 2004",MIL @ CLE,L,38,5,13,0.385,1,4,0.25,2,2,1.0,2,3,5.0,1,0,2,4,2,13,-12,0
132,22003,1496,0020300885,"MAR 04, 2004",MIL @ MIA,L,40,9,20,0.45,1,3,0.333,3,4,0.75,1,6,7.0,3,0,1,2,6,22,-13,0
133,22003,1496,0020300875,"MAR 03, 2004",MIL @ ORL,W,38,11,19,0.579,3,3,1.0,0,0,0.0,0,5,5.0,2,0,0,3,2,25,13,0
134,22003,1496,0020300856,"FEB 29, 2004",MIL vs. MIA,W,36,2,10,0.2,0,1,0.0,7,8,0.875,3,9,12.0,1,1,1,1,4,11,-14,0
135,22003,1496,0020300842,"FEB 27, 2004",MIL vs. MEM,W,40,11,19,0.579,2,3,0.667,6,7,0.857,0,5,5.0,1,1,1,1,4,30,-6,0
136,22003,1496,0020300824,"FEB 25, 2004",MIL @ BOS,W,28,2,10,0.2,0,2,0.0,0,0,0.0,2,6,8.0,5,0,1,4,5,4,2,0
137,22003,1496,0020300819,"FEB 24, 2004",MIL vs. MIN,L,32,9,11,0.818,5,5,1.0,2,2,1.0,1,5,6.0,0,0,0,3,0,25,1,0
138,22003,1496,0020300806,"FEB 22, 2004",MIL @ WAS,W,21,3,8,0.375,1,3,0.333,6,6,1.0,2,3,5.0,2,0,0,2,2,13,-3,0
139,22003,1496,0020300798,"FEB 21, 2004",MIL vs. LAC,L,30,7,14,0.5,3,7,0.429,6,6,1.0,2,6,8.0,2,1,2,2,1,23,8,0
140,22003,1496,0020300754,"FEB 11, 2004",NYK @ NOH,L,31,6,12,0.5,2,4,0.5,0,0,0.0,2,11,13.0,0,0,1,4,2,14,-10,0
141,22003,1496,0020300746,"FEB 10, 2004",NYK @ DAL,L,41,8,17,0.471,2,4,0.5,2,2,1.0,2,7,9.0,1,0,0,1,5,20,-15,0
142,22003,1496,0020300732,"FEB 08, 2004",NYK vs. LAC,W,12,2,3,0.667,0,0,0.0,2,2,1.0,0,0,0.0,0,0,0,0,3,6,-8,0
143,22003,1496,0020300722,"FEB 07, 2004",NYK @ MIA,W,31,3,8,0.375,0,4,0.0,4,4,1.0,2,6,8.0,2,3,0,4,4,10,11,0
144,22003,1496,0020300693,"FEB 03, 2004",NYK vs. IND,W,46,6,15,0.4,0,3,0.0,8,9,0.889,3,9,12.0,3,2,2,2,3,20,5,0
145,22003,1496,0020300673,"JAN 31, 2004",NYK vs. PHX,W,45,11,22,0.5,5,10,0.5,3,4,0.75,4,8,12.0,7,0,2,1,4,30,4,0
146,22003,1496,0020300663,"JAN 30, 2004",NYK @ BOS,W,30,5,13,0.385,2,4,0.5,4,5,0.8,2,5,7.0,2,2,0,1,1,16,12,0
147,22003,1496,0020300641,"JAN 27, 2004",NYK vs. SAS,L,18,2,4,0.5,1,2,0.5,0,0,0.0,2,2,4.0,3,1,1,2,3,5,-7,0
148,22003,1496,0020300622,"JAN 24, 2004",NYK vs. MIA,L,26,3,11,0.273,0,1,0.0,1,2,0.5,2,3,5.0,1,0,0,2,3,7,-4,0
149,22003,1496,0020300611,"JAN 23, 2004",NYK @ ATL,W,29,5,6,0.833,2,2,1.0,6,8,0.75,0,5,5.0,3,2,0,2,3,18,4,0
150,22003,1496,0020300602,"JAN 21, 2004",NYK @ HOU,L,29,3,13,0.231,2,4,0.5,3,4,0.75,1,3,4.0,2,1,1,3,1,11,0,0
151,22003,1496,0020300579,"JAN 19, 2004",NYK vs. TOR,W,27,1,9,0.111,0,2,0.0,2,2,1.0,1,6,7.0,2,3,0,1,3,4,-7,0
152,22003,1496,0020300571,"JAN 17, 2004",NYK @ CHI,W,36,9,20,0.45,3,4,0.75,3,7,0.429,2,4,6.0,0,4,0,2,2,24,1,0
153,22003,1496,0020300559,"JAN 16, 2004",NYK vs. SEA,W,28,10,15,0.667,5,8,0.625,5,5,1.0,2,5,7.0,1,1,0,3,1,30,17,0
154,22003,1496,0020300545,"JAN 14, 2004",NYK vs. ORL,W,39,8,12,0.667,3,4,0.75,3,4,0.75,2,8,10.0,1,1,0,1,2,22,5,0
155,22003,1496,0020300518,"JAN 10, 2004",NYK vs. MIL,W,22,2,6,0.333,0,2,0.0,2,2,1.0,2,3,5.0,2,2,1,0,0,6,9,0
156,22003,1496,0020300503,"JAN 08, 2004",NYK vs. HOU,L,37,6,12,0.5,2,5,0.4,3,4,0.75,2,9,11.0,1,0,0,2,4,17,-29,0
157,22003,1496,0020300485,"JAN 06, 2004",NYK @ CLE,L,28,7,13,0.538,2,5,0.4,4,4,1.0,1,4,5.0,2,3,1,3,5,20,-2,0
158,22003,1496,0020300474,"JAN 04, 2004",NYK vs. NJN,L,39,10,16,0.625,1,3,0.333,0,0,0.0,3,8,11.0,1,0,0,2,1,21,-14,0
159,22003,1496,0020300454,"JAN 02, 2004",NYK vs. CHI,L,39,9,22,0.409,3,6,0.5,4,5,0.8,1,4,5.0,2,1,0,3,6,25,0,0
160,22003,1496,0020300441,"DEC 30, 2003",NYK vs. MIA,W,38,10,16,0.625,2,5,0.4,0,0,0.0,1,8,9.0,5,2,0,1,5,22,27,0
161,22003,1496,0020300430,"DEC 29, 2003",NYK @ ORL,W,34,6,14,0.429,3,5,0.6,4,6,0.667,3,7,10.0,3,0,0,3,2,19,24,0
162,22003,1496,0020300418,"DEC 27, 2003",NYK @ MIA,W,35,10,15,0.667,4,6,0.667,4,7,0.571,1,7,8.0,3,0,0,2,4,28,23,0
163,22003,1496,0020300408,"DEC 26, 2003",NYK @ MEM,W,40,10,17,0.588,0,1,0.0,8,11,0.727,3,10,13.0,2,1,1,6,3,28,14,0
164,22003,1496,0020300390,"DEC 23, 2003",NYK vs. MIN,L,38,5,15,0.333,0,3,0.0,10,10,1.0,4,3,7.0,1,2,1,2,3,20,-5,0
165,22003,1496,0020300371,"DEC 20, 2003",NYK vs. ATL,W,32,7,9,0.778,3,3,1.0,3,4,0.75,1,4,5.0,3,1,1,1,3,20,13,0
166,22003,1496,0020300362,"DEC 19, 2003",NYK @ TOR,L,44,6,16,0.375,0,2,0.0,3,4,0.75,5,3,8.0,1,0,0,1,6,15,3,0
167,22003,1496,0020300339,"DEC 16, 2003",NYK vs. GSW,L,31,5,11,0.455,0,1,0.0,6,7,0.857,5,5,10.0,1,0,0,3,4,16,-13,0
168,22003,1496,0020300331,"DEC 14, 2003",NYK vs. WAS,W,21,1,7,0.143,0,1,0.0,0,0,0.0,2,0,2.0,0,1,0,2,2,2,-11,0
169,22003,1496,0020300320,"DEC 13, 2003",NYK vs. DEN,W,27,6,15,0.4,0,1,0.0,4,6,0.667,3,2,5.0,2,2,0,4,3,16,-17,0
170,22003,1496,0020300304,"DEC 10, 2003",NYK @ UTA,L,26,3,7,0.429,1,2,0.5,2,2,1.0,1,4,5.0,1,0,0,2,1,9,-26,0
171,22003,1496,0020300298,"DEC 09, 2003",NYK @ LAL,L,39,6,12,0.5,1,3,0.333,3,3,1.0,4,5,9.0,0,1,0,5,5,16,7,0
172,22003,1496,0020300278,"DEC 06, 2003",NYK @ GSW,L,42,8,13,0.615,0,0,0.0,3,3,1.0,2,8,10.0,0,1,1,5,4,19,-4,0
173,22003,1496,0020300268,"DEC 05, 2003",NYK @ POR,L,35,6,9,0.667,0,0,0.0,3,4,0.75,3,2,5.0,2,0,0,3,2,15,6,0
174,22003,1496,0020300254,"DEC 03, 2003",NYK @ SEA,L,43,8,22,0.364,0,5,0.0,2,2,1.0,4,6,10.0,1,2,1,3,2,18,-4,0
175,22003,1496,0020300236,"DEC 01, 2003",NYK vs. DET,L,25,2,12,0.167,0,3,0.0,1,2,0.5,2,1,3.0,2,1,0,0,5,5,4,0
176,22003,1496,0020300223,"NOV 29, 2003",NYK vs. NOH,W,23,1,6,0.167,1,4,0.25,4,4,1.0,0,4,4.0,1,1,0,0,4,7,-2,0
177,22003,1496,0020300140,"NOV 17, 2003",NYK vs. BOS,W,35,8,17,0.471,3,8,0.375,2,2,1.0,1,6,7.0,3,1,1,5,3,21,2,0
178,22003,1496,0020300129,"NOV 15, 2003",NYK vs. IND,L,39,5,14,0.357,1,5,0.2,5,6,0.833,3,2,5.0,5,3,0,3,6,16,-6,0
179,22003,1496,0020300116,"NOV 14, 2003",NYK @ NJN,L,31,3,11,0.273,0,2,0.0,3,3,1.0,4,7,11.0,0,0,0,4,4,9,2,0
180,22003,1496,0020300090,"NOV 10, 2003",NYK @ CLE,L,33,2,10,0.2,0,2,0.0,4,4,1.0,0,5,5.0,1,1,2,1,2,8,-9,0
181,22003,1496,0020300080,"NOV 08, 2003",NYK @ MIL,L,41,6,15,0.4,3,5,0.6,5,7,0.714,1,4,5.0,2,0,0,3,4,20,5,0
182,22003,1496,0020300067,"NOV 07, 2003",NYK vs. SAC,W,39,6,19,0.316,1,4,0.25,7,8,0.875,4,9,13.0,2,1,0,1,3,20,4,0
183,22003,1496,0020300055,"NOV 05, 2003",NYK vs. MIL,L,41,7,13,0.538,0,1,0.0,5,6,0.833,4,3,7.0,3,2,0,7,3,19,-14,0
184,22003,1496,0020300041,"NOV 03, 2003",NYK @ ORL,W,32,4,20,0.2,0,4,0.0,6,6,1.0,1,7,8.0,2,0,1,4,4,14,2,0
185,22003,1496,0020300035,"NOV 01, 2003",NYK @ SAS,L,45,5,11,0.455,0,4,0.0,2,2,1.0,0,5,5.0,1,2,0,5,2,12,-9,0
186,22003,1496,0020300005,"OCT 29, 2003",NYK vs. ORL,L,37,11,18,0.611,2,4,0.5,5,7,0.714,0,8,8.0,0,1,0,4,6,29,2,0
187,22002,1496,0020201178,"APR 16, 2003",PHI vs. WAS,W,15,4,7,0.571,0,1,0.0,6,6,1.0,2,2,4.0,1,0,0,0,2,14,16,0
188,22002,1496,0020201088,"APR 04, 2003",PHI vs. HOU,L,11,1,4,0.25,0,1,0.0,0,0,0.0,0,2,2.0,0,0,1,0,1,2,0,0
189,22002,1496,0020201076,"APR 02, 2003",PHI vs. CHI,W,31,8,16,0.5,1,2,0.5,3,4,0.75,1,2,3.0,1,2,0,3,3,20,-3,0
190,22002,1496,0020201063,"MAR 31, 2003",PHI @ ORL,W,24,5,12,0.417,0,2,0.0,0,0,0.0,3,2,5.0,0,1,1,2,4,10,-2,0
191,22002,1496,0020201048,"MAR 29, 2003",PHI @ ATL,W,31,3,9,0.333,0,1,0.0,0,0,0.0,1,5,6.0,2,1,1,4,1,6,17,0
192,22002,1496,0020201037,"MAR 28, 2003",PHI vs. GSW,L,25,8,18,0.444,2,4,0.5,0,2,0.0,3,4,7.0,1,0,0,1,3,18,-4,0
193,22002,1496,0020201023,"MAR 26, 2003",PHI @ IND,W,36,5,12,0.417,0,0,0.0,0,0,0.0,2,3,5.0,1,0,0,0,2,10,0,0
194,22002,1496,0020201004,"MAR 23, 2003",PHI @ TOR,W,13,4,10,0.4,0,2,0.0,4,4,1.0,2,0,2.0,1,0,2,1,4,12,4,0
195,22002,1496,0020200984,"MAR 21, 2003",PHI vs. ATL,L,23,4,8,0.5,1,3,0.333,4,6,0.667,1,4,5.0,2,0,0,3,5,13,-3,0
196,22002,1496,0020200981,"MAR 20, 2003",PHI @ DET,L,22,2,10,0.2,0,1,0.0,2,4,0.5,2,5,7.0,1,0,0,1,2,6,-30,0
197,22002,1496,0020200963,"MAR 18, 2003",PHI @ MIA,W,31,6,11,0.545,3,4,0.75,2,2,1.0,1,6,7.0,1,0,0,3,5,17,9,0
198,22002,1496,0020200948,"MAR 16, 2003",PHI @ NJN,W,25,5,11,0.455,1,3,0.333,2,2,1.0,1,3,4.0,0,1,2,2,4,13,-3,0
199,22002,1496,0020200933,"MAR 14, 2003",PHI vs. POR,W,36,8,20,0.4,0,1,0.0,4,4,1.0,5,4,9.0,1,2,1,2,1,20,10,0
200,22002,1496,0020200922,"MAR 12, 2003",PHI vs. IND,W,31,8,14,0.571,1,3,0.333,2,2,1.0,2,3,5.0,1,0,1,3,5,19,11,0
201,22002,1496,0020200901,"MAR 09, 2003",PHI @ LAL,L,37,6,13,0.462,0,1,0.0,7,10,0.7,1,7,8.0,1,0,0,3,4,19,-7,0
202,22002,1496,0020200891,"MAR 07, 2003",PHI @ SEA,W,34,11,19,0.579,2,3,0.667,2,3,0.667,2,2,4.0,0,1,0,2,4,26,-3,0
203,22002,1496,0020200883,"MAR 06, 2003",PHI @ POR,W,21,2,6,0.333,0,0,0.0,4,4,1.0,0,2,2.0,1,0,0,2,4,8,3,0
204,22002,1496,0020200861,"MAR 03, 2003",PHI @ SAC,L,27,7,12,0.583,1,3,0.333,2,3,0.667,1,6,7.0,2,0,1,4,4,17,-4,0
205,22002,1496,0020200834,"FEB 28, 2003",PHI vs. UTA,W,28,5,10,0.5,0,1,0.0,0,0,0.0,4,8,12.0,1,0,0,1,2,10,3,0
206,22002,1496,0020200822,"FEB 26, 2003",PHI vs. MEM,W,38,9,14,0.643,1,1,1.0,2,3,0.667,3,6,9.0,0,1,1,4,3,21,3,0
207,22002,1496,0020200803,"FEB 23, 2003",PHI vs. CLE,W,32,6,11,0.545,1,4,0.25,4,5,0.8,1,6,7.0,3,0,1,3,3,17,6,0
208,22002,1496,0020200786,"FEB 21, 2003",PHI @ CLE,W,34,8,15,0.533,0,0,0.0,6,7,0.857,1,6,7.0,2,2,1,0,3,22,22,0
209,22002,1496,0020200776,"FEB 19, 2003",PHI @ CHI,W,32,9,16,0.563,2,4,0.5,2,4,0.5,2,6,8.0,4,0,0,2,3,22,33,0
210,22002,1496,0020200748,"FEB 16, 2003",PHI @ NJN,W,26,3,6,0.5,0,0,0.0,3,4,0.75,1,2,3.0,0,1,0,1,4,9,14,0
211,22002,1496,0020200735,"FEB 14, 2003",PHI vs. ORL,W,34,5,8,0.625,1,1,1.0,4,5,0.8,2,6,8.0,1,0,0,1,3,15,-11,0
212,22002,1496,0020200720,"FEB 12, 2003",PHI vs. CHI,W,39,6,17,0.353,2,4,0.5,4,4,1.0,4,9,13.0,5,3,0,3,3,18,14,0
213,22002,1496,0020200699,"FEB 05, 2003",PHI vs. NJN,L,35,6,11,0.545,0,1,0.0,4,5,0.8,3,8,11.0,0,3,0,1,2,16,-17,0
214,22002,1496,0020200680,"FEB 02, 2003",PHI @ MIN,L,29,6,15,0.4,0,4,0.0,1,1,1.0,4,2,6.0,2,1,0,2,4,13,-2,0
215,22002,1496,0020200656,"JAN 31, 2003",PHI vs. MIA,W,39,11,19,0.579,4,7,0.571,7,9,0.778,3,4,7.0,0,1,0,1,2,33,7,0
216,22002,1496,0020200643,"JAN 29, 2003",PHI vs. ATL,L,39,6,13,0.462,0,2,0.0,2,2,1.0,3,4,7.0,1,2,1,1,5,14,-2,0
217,22002,1496,0020200639,"JAN 28, 2003",PHI @ MIL,W,33,7,14,0.5,1,3,0.333,9,11,0.818,2,4,6.0,0,0,0,3,4,24,27,0
218,22002,1496,0020200617,"JAN 25, 2003",PHI @ MIA,W,37,8,15,0.533,2,3,0.667,8,8,1.0,2,4,6.0,1,3,1,2,2,26,-4,0
219,22002,1496,0020200603,"JAN 23, 2003",PHI vs. DAL,L,35,8,14,0.571,1,3,0.333,8,8,1.0,2,3,5.0,1,0,1,3,4,25,-10,0
220,22002,1496,0020200597,"JAN 22, 2003",PHI @ DET,W,30,6,8,0.75,2,4,0.5,2,2,1.0,0,1,1.0,1,1,1,2,5,16,5,0
221,22002,1496,0020200585,"JAN 20, 2003",PHI vs. BOS,L,27,4,12,0.333,0,2,0.0,3,4,0.75,2,3,5.0,0,0,1,1,2,11,-15,0
222,22002,1496,0020200566,"JAN 18, 2003",PHI @ WAS,W,35,7,9,0.778,1,1,1.0,2,3,0.667,3,8,11.0,3,5,1,2,3,17,15,0
223,22002,1496,0020200555,"JAN 17, 2003",PHI vs. MIL,L,28,9,15,0.6,1,5,0.2,3,3,1.0,0,1,1.0,1,2,0,1,6,22,20,0
224,22002,1496,0020200543,"JAN 15, 2003",PHI vs. NJN,W,22,5,10,0.5,0,1,0.0,6,7,0.857,3,1,4.0,0,0,0,1,4,16,-12,0
225,22002,1496,0020200525,"JAN 12, 2003",PHI vs. ORL,L,39,7,12,0.583,1,1,1.0,2,2,1.0,2,5,7.0,2,1,0,6,2,17,-3,0
226,22002,1496,0020200504,"JAN 10, 2003",PHI vs. NYK,L,34,9,12,0.75,4,5,0.8,1,1,1.0,1,4,5.0,1,2,0,1,3,23,1,0
227,22002,1496,0020200491,"JAN 08, 2003",PHI vs. DET,L,40,3,12,0.25,2,4,0.5,2,2,1.0,4,7,11.0,0,1,1,0,6,10,-2,0
228,22002,1496,0020200478,"JAN 06, 2003",PHI vs. IND,L,31,6,17,0.353,0,3,0.0,1,1,1.0,3,6,9.0,0,0,0,0,4,13,-12,0
229,22002,1496,0020200463,"JAN 04, 2003",PHI @ DAL,L,27,3,7,0.429,0,0,0.0,2,4,0.5,1,5,6.0,1,1,0,0,6,8,-12,0
230,22002,1496,0020200446,"DEC 31, 2002",PHI @ LAC,W,37,7,17,0.412,1,3,0.333,4,4,1.0,3,10,13.0,0,0,1,2,3,19,9,0
231,22002,1496,0020200441,"DEC 30, 2002",PHI @ GSW,L,30,5,15,0.333,1,4,0.25,4,4,1.0,1,0,1.0,0,0,0,3,6,15,-7,0
232,22002,1496,0020200426,"DEC 28, 2002",PHI @ UTA,L,26,4,9,0.444,0,0,0.0,2,2,1.0,3,2,5.0,1,0,1,2,3,10,-12,0
233,22002,1496,0020200381,"DEC 21, 2002",PHI @ ATL,L,32,8,18,0.444,0,2,0.0,2,2,1.0,3,6,9.0,1,3,2,2,4,18,-5,0
234,22002,1496,0020200372,"DEC 20, 2002",PHI vs. LAL,W,39,9,16,0.563,0,0,0.0,2,2,1.0,4,7,11.0,1,0,0,4,6,20,-5,0
235,22002,1496,0020200357,"DEC 18, 2002",PHI vs. MIN,W,27,2,7,0.286,0,1,0.0,0,0,0.0,0,10,10.0,1,1,0,2,6,4,19,0
236,22002,1496,0020200342,"DEC 16, 2002",PHI vs. DEN,W,26,7,11,0.636,0,3,0.0,1,2,0.5,0,5,5.0,2,1,0,2,2,15,13,0
237,22002,1496,0020200338,"DEC 15, 2002",PHI @ IND,L,29,10,19,0.526,1,3,0.333,0,0,0.0,4,5,9.0,1,0,0,4,5,21,-7,0
238,22002,1496,0020200316,"DEC 13, 2002",PHI vs. PHX,L,33,4,11,0.364,1,2,0.5,0,4,0.0,3,7,10.0,1,0,1,1,3,9,-10,0
239,22002,1496,0020200308,"DEC 11, 2002",PHI vs. SEA,L,38,9,15,0.6,3,5,0.6,4,4,1.0,3,4,7.0,3,1,0,3,2,25,-5,0
240,22002,1496,0020200285,"DEC 07, 2002",PHI @ HOU,L,34,6,15,0.4,1,3,0.333,2,3,0.667,3,4,7.0,1,0,0,3,0,15,-12,0
241,22002,1496,0020200273,"DEC 06, 2002",PHI @ SAS,L,35,6,12,0.5,1,3,0.333,2,2,1.0,1,5,6.0,1,2,1,1,2,15,-7,0
242,22002,1496,0020200256,"DEC 04, 2002",PHI vs. BOS,W,32,5,13,0.385,1,2,0.5,2,2,1.0,5,8,13.0,0,0,1,2,1,13,-5,0
243,22002,1496,0020200230,"NOV 30, 2002",PHI @ WAS,W,31,3,8,0.375,0,2,0.0,0,0,0.0,1,5,6.0,1,0,0,3,3,6,0,0
244,22002,1496,0020200219,"NOV 29, 2002",PHI @ CLE,W,38,9,17,0.529,3,5,0.6,1,2,0.5,3,7,10.0,3,1,0,2,2,22,7,0
245,22002,1496,0020200205,"NOV 27, 2002",PHI vs. MIA,W,33,5,18,0.278,0,1,0.0,2,2,1.0,2,5,7.0,3,1,0,2,2,12,9,0
246,22002,1496,0020200195,"NOV 25, 2002",PHI vs. NOH,W,26,7,9,0.778,0,1,0.0,0,0,0.0,0,8,8.0,4,1,0,1,3,14,17,0
247,22002,1496,0020200189,"NOV 24, 2002",PHI @ TOR,W,36,8,14,0.571,1,1,1.0,2,4,0.5,1,8,9.0,1,0,1,2,4,19,12,0
248,22002,1496,0020200171,"NOV 22, 2002",PHI vs. TOR,W,30,6,11,0.545,1,1,1.0,0,0,0.0,2,8,10.0,1,0,0,4,4,13,-2,0
249,22002,1496,0020200161,"NOV 20, 2002",PHI @ MEM,W,33,5,12,0.417,0,1,0.0,0,0,0.0,2,3,5.0,0,1,0,3,4,10,6,0
250,22002,1496,0020200150,"NOV 19, 2002",PHI @ NOH,L,37,4,9,0.444,0,1,0.0,3,4,0.75,2,4,6.0,2,1,0,2,5,11,-9,0
251,22002,1496,0020200140,"NOV 17, 2002",PHI vs. WAS,W,38,9,13,0.692,2,3,0.667,3,4,0.75,0,7,7.0,0,2,0,1,1,23,12,0
252,22002,1496,0020200128,"NOV 16, 2002",PHI @ NYK,W,40,6,13,0.462,0,2,0.0,3,4,0.75,3,9,12.0,2,0,1,1,4,15,11,0
253,22002,1496,0020200115,"NOV 14, 2002",PHI vs. SAS,W,37,9,21,0.429,1,2,0.5,2,2,1.0,3,6,9.0,1,1,1,1,5,21,2,0
254,22002,1496,0020200107,"NOV 13, 2002",PHI @ BOS,L,25,6,12,0.5,1,4,0.25,0,0,0.0,1,4,5.0,2,1,0,1,5,13,-10,0
255,22002,1496,0020200087,"NOV 09, 2002",PHI @ MIL,L,46,10,19,0.526,0,5,0.0,2,2,1.0,7,6,13.0,3,1,0,2,3,22,2,0
256,22002,1496,0020200072,"NOV 08, 2002",PHI vs. CLE,W,30,11,15,0.733,4,4,1.0,2,3,0.667,0,3,3.0,5,0,0,1,1,28,23,0
257,22002,1496,0020200060,"NOV 06, 2002",PHI vs. LAC,W,27,3,10,0.3,0,2,0.0,2,2,1.0,3,8,11.0,0,0,0,1,6,8,-14,0
258,22002,1496,0020200022,"NOV 01, 2002",PHI vs. NYK,W,39,6,16,0.375,2,5,0.4,3,4,0.75,3,9,12.0,3,3,0,5,3,17,17,0
259,22002,1496,0020200005,"OCT 30, 2002",PHI vs. MIL,W,37,5,18,0.278,2,5,0.4,4,4,1.0,2,6,8.0,0,2,0,4,3,16,5,0
260,22002,1496,0020200001,"OCT 29, 2002",PHI @ ORL,L,39,6,15,0.4,0,1,0.0,7,11,0.636,5,5,10.0,2,2,0,5,4,19,-1,0
261,22001,1496,0020101179,"APR 17, 2002",NJN @ NYK,W,21,4,8,0.5,1,3,0.333,4,5,0.8,1,7,8.0,1,1,1,3,5,13,6,0
262,22001,1496,0020101167,"APR 16, 2002",NJN vs. DET,L,35,5,10,0.5,0,2,0.0,1,1,1.0,1,6,7.0,2,1,3,3,4,11,-9,0
263,22001,1496,0020101158,"APR 14, 2002",NJN @ TOR,L,11,1,8,0.125,0,2,0.0,0,0,0.0,1,4,5.0,1,0,0,2,4,2,-13,0
264,22001,1496,0020101132,"APR 11, 2002",NJN @ ORL,W,39,9,16,0.563,1,2,0.5,0,0,0.0,3,11,14.0,2,0,2,2,1,19,-3,0
265,22001,1496,0020101115,"APR 09, 2002",NJN vs. WAS,W,19,2,10,0.2,0,0,0.0,2,2,1.0,4,2,6.0,3,0,0,0,3,6,18,0
266,22001,1496,0020101103,"APR 07, 2002",NJN vs. BOS,L,37,7,21,0.333,2,10,0.2,4,5,0.8,1,8,9.0,2,0,3,1,5,20,0,0
267,22001,1496,0020101085,"APR 05, 2002",NJN vs. ORL,W,31,8,18,0.444,1,5,0.2,3,3,1.0,8,7,15.0,2,0,0,1,2,20,24,0
268,22001,1496,0020101069,"APR 03, 2002",NJN vs. LAL,W,21,1,6,0.167,0,2,0.0,0,0,0.0,3,4,7.0,3,0,0,2,1,2,1,0
269,22001,1496,0020101054,"MAR 31, 2002",NJN @ MIN,L,21,4,6,0.667,2,2,1.0,0,0,0.0,0,2,2.0,1,0,0,2,3,10,-11,0
270,22001,1496,0020101041,"MAR 30, 2002",NJN vs. PHI,W,31,8,14,0.571,2,5,0.4,1,1,1.0,1,6,7.0,4,0,0,1,3,19,8,0
271,22001,1496,0020101018,"MAR 27, 2002",NJN @ PHI,W,31,2,13,0.154,1,1,1.0,2,2,1.0,4,7,11.0,1,0,0,3,1,7,2,0
272,22001,1496,0020101011,"MAR 26, 2002",NJN @ ATL,L,24,4,10,0.4,1,3,0.333,2,2,1.0,2,5,7.0,0,1,0,2,2,11,-14,0
273,22001,1496,0020100999,"MAR 24, 2002",NJN vs. ATL,W,23,6,11,0.545,3,4,0.75,0,0,0.0,3,2,5.0,2,3,1,1,3,15,-8,0
274,22001,1496,0020100980,"MAR 22, 2002",NJN vs. MIL,W,31,6,12,0.5,2,5,0.4,0,0,0.0,2,8,10.0,2,1,2,1,3,14,32,0
275,22001,1496,0020100969,"MAR 20, 2002",NJN vs. POR,W,30,6,12,0.5,2,4,0.5,0,0,0.0,2,4,6.0,1,0,0,1,0,14,0,0
276,22001,1496,0020100956,"MAR 19, 2002",NJN @ CLE,L,34,11,19,0.579,3,4,0.75,2,2,1.0,1,5,6.0,1,2,0,1,5,27,0,0
277,22001,1496,0020100946,"MAR 17, 2002",NJN @ MEM,W,33,6,12,0.5,1,3,0.333,0,0,0.0,1,12,13.0,2,0,2,1,3,13,10,0
278,22001,1496,0020100927,"MAR 15, 2002",NJN vs. MIA,W,40,10,16,0.625,1,4,0.25,7,8,0.875,2,4,6.0,1,0,0,2,3,28,22,0
279,22001,1496,0020100915,"MAR 13, 2002",NJN @ BOS,L,34,4,15,0.267,3,7,0.429,4,4,1.0,0,7,7.0,3,0,1,5,3,15,5,0
280,22001,1496,0020100909,"MAR 12, 2002",NJN vs. TOR,W,26,3,10,0.3,0,2,0.0,2,4,0.5,1,5,6.0,3,0,0,0,1,8,12,0
281,22001,1496,0020100891,"MAR 09, 2002",NJN @ SEA,L,37,9,19,0.474,1,7,0.143,2,3,0.667,3,3,6.0,2,0,0,0,3,21,-12,0
282,22001,1496,0020100885,"MAR 08, 2002",NJN @ POR,L,29,5,13,0.385,0,1,0.0,2,2,1.0,2,7,9.0,3,4,1,2,3,12,6,0
283,22001,1496,0020100867,"MAR 06, 2002",NJN @ PHX,L,29,4,10,0.4,1,3,0.333,0,2,0.0,1,7,8.0,1,0,1,1,4,9,3,0
284,22001,1496,0020100861,"MAR 05, 2002",NJN @ LAL,L,37,5,18,0.278,1,5,0.2,2,2,1.0,5,9,14.0,1,1,0,3,3,13,-7,0
285,22001,1496,0020100839,"MAR 03, 2002",NJN vs. CHI,W,37,6,12,0.5,2,5,0.4,0,0,0.0,2,5,7.0,5,3,0,2,3,14,10,0
286,22001,1496,0020100822,"MAR 01, 2002",NJN @ PHI,L,25,2,7,0.286,0,3,0.0,0,0,0.0,0,4,4.0,1,1,0,2,4,4,0,0
287,22001,1496,0020100812,"FEB 27, 2002",NJN @ CHH,L,24,5,12,0.417,0,1,0.0,0,0,0.0,2,3,5.0,1,0,1,2,3,10,-3,0
288,22001,1496,0020100791,"FEB 24, 2002",NJN vs. CHH,W,29,5,11,0.455,0,2,0.0,0,0,0.0,2,2,4.0,1,2,0,1,2,10,6,0
289,22001,1496,0020100777,"FEB 22, 2002",NJN vs. NYK,W,24,6,15,0.4,2,4,0.5,2,2,1.0,2,5,7.0,1,1,1,2,2,16,7,0
290,22001,1496,0020100767,"FEB 21, 2002",NJN @ WAS,W,29,7,14,0.5,3,6,0.5,0,0,0.0,1,7,8.0,1,0,0,1,0,17,11,0
291,22001,1496,0020100753,"FEB 19, 2002",NJN vs. GSW,W,24,5,11,0.455,0,3,0.0,2,2,1.0,0,3,3.0,1,1,1,0,4,12,9,0
292,22001,1496,0020100736,"FEB 17, 2002",NJN vs. DEN,W,26,4,12,0.333,1,4,0.25,8,8,1.0,4,8,12.0,1,0,0,0,1,17,15,0
293,22001,1496,0020100726,"FEB 15, 2002",NJN @ CHI,W,25,4,9,0.444,2,3,0.667,2,2,1.0,0,5,5.0,1,1,1,3,4,12,11,0
294,22001,1496,0020100716,"FEB 14, 2002",NJN vs. DET,L,41,9,18,0.5,4,9,0.444,4,6,0.667,3,5,8.0,1,1,0,2,4,26,-10,0
295,22001,1496,0020100700,"FEB 12, 2002",NJN @ ATL,L,39,6,17,0.353,0,2,0.0,4,4,1.0,0,8,8.0,5,1,0,1,4,16,-6,0
296,22001,1496,0020100688,"FEB 06, 2002",NJN vs. DAL,L,34,8,17,0.471,3,7,0.429,2,2,1.0,2,4,6.0,4,1,0,1,3,21,-10,0
297,22001,1496,0020100673,"FEB 04, 2002",NJN vs. SAC,W,28,10,15,0.667,2,2,1.0,3,3,1.0,4,4,8.0,1,1,0,2,0,25,17,0
298,22001,1496,0020100657,"FEB 02, 2002",NJN vs. TOR,W,26,2,8,0.25,0,5,0.0,5,6,0.833,2,9,11.0,2,0,0,0,4,9,-3,0
299,22001,1496,0020100643,"JAN 31, 2002",NJN vs. MIL,W,23,3,8,0.375,2,2,1.0,0,2,0.0,1,5,6.0,3,2,1,2,4,8,12,0
300,22001,1496,0020100610,"JAN 26, 2002",NJN @ MIA,L,27,3,12,0.25,0,2,0.0,3,4,0.75,2,0,2.0,0,2,0,1,0,9,-10,0
301,22001,1496,0020100601,"JAN 24, 2002",NJN @ HOU,W,28,3,8,0.375,0,0,0.0,4,4,1.0,2,5,7.0,1,2,0,0,2,10,-10,0
302,22001,1496,0020100587,"JAN 22, 2002",NJN @ SAS,W,29,8,17,0.471,0,1,0.0,1,2,0.5,4,4,8.0,0,3,0,4,4,17,1,0
303,22001,1496,0020100574,"JAN 21, 2002",NJN @ DAL,L,36,6,14,0.429,1,4,0.25,0,0,0.0,5,10,15.0,2,0,0,2,5,13,-6,0
304,22001,1496,0020100562,"JAN 19, 2002",NJN vs. HOU,W,29,9,15,0.6,2,3,0.667,2,2,1.0,1,4,5.0,2,1,1,0,2,22,2,0
305,22001,1496,0020100549,"JAN 18, 2002",NJN @ TOR,L,31,6,15,0.4,1,5,0.2,0,0,0.0,2,9,11.0,2,0,1,3,1,13,-10,0
306,22001,1496,0020100537,"JAN 16, 2002",NJN vs. WAS,W,24,9,13,0.692,5,8,0.625,4,4,1.0,0,6,6.0,2,1,1,2,2,27,24,0
307,22001,1496,0020100522,"JAN 14, 2002",NJN vs. SAS,W,30,4,16,0.25,0,3,0.0,0,0,0.0,3,5,8.0,0,1,1,1,4,8,9,0
308,22001,1496,0020100512,"JAN 12, 2002",NJN @ ORL,W,29,7,16,0.438,1,3,0.333,0,0,0.0,2,9,11.0,3,0,1,2,4,15,8,0
309,22001,1496,0020100494,"JAN 10, 2002",NJN vs. LAC,W,18,4,11,0.364,0,1,0.0,0,1,0.0,2,1,3.0,1,1,1,0,4,8,4,0
310,22001,1496,0020100480,"JAN 08, 2002",NJN vs. MIA,W,31,6,14,0.429,1,1,1.0,6,6,1.0,1,4,5.0,6,0,0,0,2,19,8,0
311,22001,1496,0020100450,"JAN 04, 2002",NJN vs. ORL,L,36,5,11,0.455,1,3,0.333,0,0,0.0,1,8,9.0,1,0,0,1,1,11,-21,0
312,22001,1496,0020100436,"JAN 02, 2002",NJN vs. MEM,W,30,6,12,0.5,1,2,0.5,0,0,0.0,0,12,12.0,3,0,0,4,1,13,32,0
313,22001,1496,0020100432,"DEC 31, 2001",NJN @ WAS,L,29,8,16,0.5,0,2,0.0,0,0,0.0,0,3,,2,1,0,0,1,16,-18,0
314,22001,1496,0020100417,"DEC 29, 2001",NJN vs. IND,W,32,6,18,0.333,1,5,0.2,1,1,1.0,2,7,9.0,1,0,0,4,4,14,12,0
315,22001,1496,0020100402,"DEC 27, 2001",NJN @ DET,W,26,4,10,0.4,0,0,0.0,0,0,0.0,0,6,6.0,0,1,0,1,3,8,8,0
316,22001,1496,0020100389,"DEC 26, 2001",NJN @ CLE,W,32,5,16,0.313,0,2,0.0,0,0,0.0,3,2,5.0,1,1,0,4,2,10,-9,0
317,22001,1496,0020100374,"DEC 22, 2001",NJN vs. UTA,L,38,8,15,0.533,0,1,0.0,8,9,0.889,1,6,7.0,3,2,0,4,6,24,0,0
318,22001,1496,0020100362,"DEC 21, 2001",NJN @ IND,L,30,6,11,0.545,4,5,0.8,3,4,0.75,0,8,8.0,5,0,0,2,5,19,-5,0
319,22001,1496,0020100351,"DEC 19, 2001",NJN vs. MIN,W,39,6,17,0.353,2,6,0.333,2,3,0.667,1,9,10.0,6,0,1,0,4,16,-1,0
320,22001,1496,0020100333,"DEC 16, 2001",NJN @ NYK,W,35,7,15,0.467,3,7,0.429,0,0,0.0,0,5,5.0,8,2,0,3,3,17,21,0
321,22001,1496,0020100316,"DEC 14, 2001",NJN @ MIA,W,29,2,9,0.222,0,0,0.0,0,0,0.0,1,5,6.0,3,2,1,1,1,4,16,0
322,22001,1496,0020100296,"DEC 11, 2001",NJN @ CHI,W,21,4,7,0.571,1,2,0.5,3,4,0.75,0,3,3.0,3,0,1,1,1,12,-6,0
323,22001,1496,0020100281,"DEC 08, 2001",NJN @ MIL,L,24,6,15,0.4,1,5,0.2,2,2,1.0,2,4,6.0,0,0,0,0,3,15,-7,0
324,22001,1496,0020100268,"DEC 07, 2001",NJN vs. CLE,W,38,8,16,0.5,1,6,0.167,0,2,0.0,0,8,8.0,5,0,0,2,2,17,12,0
325,22001,1496,0020100258,"DEC 05, 2001",NJN vs. PHX,W,35,8,16,0.5,2,5,0.4,1,2,0.5,3,7,10.0,2,1,1,0,3,19,20,0
326,22001,1496,0020100226,"DEC 01, 2001",NJN vs. BOS,L,40,6,19,0.316,0,6,0.0,5,8,0.625,1,8,9.0,0,0,0,0,4,17,-12,0
327,22001,1496,0020100198,"NOV 27, 2001",NJN vs. CHI,W,33,7,12,0.583,2,4,0.5,3,6,0.5,2,8,10.0,2,0,0,3,3,19,29,0
328,22001,1496,0020100191,"NOV 25, 2001",NJN @ GSW,L,33,6,15,0.4,1,4,0.25,0,0,0.0,1,6,7.0,3,2,0,3,1,13,-12,0
329,22001,1496,0020100187,"NOV 24, 2001",NJN @ SAC,L,41,8,15,0.533,2,3,0.667,1,4,0.25,1,9,10.0,1,2,0,2,3,19,-4,0
330,22001,1496,0020100167,"NOV 22, 2001",NJN @ LAC,W,40,12,21,0.571,3,9,0.333,7,9,0.778,3,9,12.0,1,3,3,3,4,34,10,0
331,22001,1496,0020100162,"NOV 21, 2001",NJN @ UTA,W,29,8,17,0.471,1,4,0.25,0,0,0.0,2,6,8.0,0,0,2,3,5,17,-9,0
332,22001,1496,0020100144,"NOV 19, 2001",NJN @ DEN,L,29,5,14,0.357,0,1,0.0,0,0,0.0,2,3,5.0,3,0,1,1,1,10,-12,0
333,22001,1496,0020100134,"NOV 17, 2001",NJN vs. PHI,L,24,5,12,0.417,0,3,0.0,3,4,0.75,1,2,3.0,2,1,0,1,0,13,-19,0
334,22001,1496,0020100124,"NOV 16, 2001",NJN vs. NYK,W,29,5,14,0.357,0,1,0.0,4,4,1.0,0,1,1.0,1,1,1,2,4,14,14,0
335,22001,1496,0020100100,"NOV 13, 2001",NJN @ IND,W,39,7,14,0.5,1,3,0.333,0,1,0.0,0,13,13.0,3,0,1,1,2,15,-1,0
336,22001,1496,0020100084,"NOV 10, 2001",NJN vs. CLE,W,37,3,14,0.214,1,3,0.333,9,9,1.0,2,8,10.0,2,0,1,6,3,16,-3,0
337,22001,1496,0020100071,"NOV 08, 2001",NJN vs. SEA,W,35,8,17,0.471,1,6,0.167,3,4,0.75,3,9,12.0,2,1,1,3,1,20,18,0
338,22001,1496,0020100037,"NOV 03, 2001",NJN vs. CHH,W,39,9,20,0.45,5,8,0.625,5,6,0.833,2,7,9.0,4,2,0,3,2,28,8,0
339,22001,1496,0020100031,"NOV 02, 2001",NJN @ DET,L,22,4,9,0.444,0,0,0.0,0,0,0.0,0,3,3.0,0,0,0,4,3,8,-11,0
340,22001,1496,0020100013,"OCT 31, 2001",NJN @ BOS,W,30,2,7,0.286,2,5,0.4,2,2,1.0,0,6,6.0,3,0,0,7,2,8,-7,0
341,22001,1496,0020100003,"OCT 30, 2001",NJN vs. IND,W,39,10,21,0.476,4,7,0.571,2,3,0.667,2,5,7.0,2,1,0,1,3,26,15,0
342,22000,1496,0020001170,"APR 17, 2001",NJN vs. CHI,L,43,6,14,0.429,1,2,0.5,2,4,0.5,0,4,4.0,4,0,0,1,2,15,1,0
343,22000,1496,0020001154,"APR 15, 2001",NJN @ BOS,L,37,7,22,0.318,2,6,0.333,5,8,0.625,3,3,6.0,0,0,1,3,2,21,8,0
344,22000,1496,0020001139,"APR 13, 2001",NJN vs. CLE,L,41,8,20,0.4,1,4,0.25,6,9,0.667,2,5,7.0,2,1,0,2,4,23,-5,0
345,22000,1496,0020001133,"APR 12, 2001",NJN @ CHH,L,35,5,14,0.357,1,2,0.5,3,4,0.75,4,7,11.0,3,1,1,2,3,14,-11,0
346,22000,1496,0020001104,"APR 08, 2001",NJN vs. IND,L,30,8,13,0.615,1,2,0.5,4,5,0.8,1,7,8.0,2,0,0,3,2,21,-14,0
347,22000,1496,0020001064,"APR 03, 2001",NJN vs. CHH,L,42,10,18,0.556,1,4,0.25,4,5,0.8,2,6,8.0,1,0,1,4,0,25,-16,0
348,22000,1496,0020001053,"APR 01, 2001",NJN vs. HOU,W,44,7,14,0.5,0,1,0.0,5,5,1.0,3,7,10.0,3,1,0,5,4,19,4,0
349,22000,1496,0020001041,"MAR 30, 2001",NJN @ TOR,L,46,5,13,0.385,1,2,0.5,11,12,0.917,1,7,8.0,3,1,0,3,2,22,-6,0
350,22000,1496,0020001025,"MAR 28, 2001",NJN vs. DEN,W,45,10,25,0.4,3,5,0.6,2,2,1.0,3,4,7.0,2,1,0,1,0,25,3,0
351,22000,1496,0020001009,"MAR 25, 2001",NJN @ MIN,L,12,1,4,0.25,1,2,0.5,0,0,0.0,0,1,1.0,0,0,0,1,1,3,-17,0
352,22000,1496,0020000991,"MAR 23, 2001",NJN @ NYK,W,42,7,16,0.438,1,1,1.0,4,4,1.0,2,11,13.0,2,0,0,4,1,19,7,0
353,22000,1496,0020000984,"MAR 22, 2001",NJN vs. BOS,L,38,8,20,0.4,0,4,0.0,3,3,1.0,4,9,13.0,3,0,1,3,4,19,-22,0
354,22000,1496,0020000968,"MAR 20, 2001",NJN vs. VAN,W,39,11,15,0.733,2,3,0.667,0,0,0.0,3,8,11.0,1,1,1,5,4,24,1,0
355,22000,1496,0020000962,"MAR 18, 2001",NJN @ DEN,L,35,3,16,0.188,1,2,0.5,7,7,1.0,2,3,5.0,0,0,0,1,3,14,-21,0
356,22000,1496,0020000947,"MAR 16, 2001",NJN @ SAS,L,24,5,13,0.385,0,3,0.0,5,5,1.0,1,5,6.0,1,0,0,3,6,15,4,0
357,22000,1496,0020000939,"MAR 15, 2001",NJN @ HOU,L,45,9,15,0.6,3,4,0.75,0,0,0.0,0,6,6.0,2,0,0,1,3,21,1,0
358,22000,1496,0020000922,"MAR 13, 2001",NJN @ DAL,L,25,3,6,0.5,0,2,0.0,3,3,1.0,0,6,6.0,1,2,0,3,6,9,-4,0
359,22000,1496,0020000900,"MAR 10, 2001",NJN @ WAS,L,39,7,13,0.538,2,3,0.667,2,2,1.0,4,5,9.0,2,1,0,2,5,18,0,0
360,22000,1496,0020000889,"MAR 09, 2001",NJN vs. NYK,W,39,8,18,0.444,1,5,0.2,3,4,0.75,1,10,11.0,2,1,1,3,4,20,13,0
361,22000,1496,0020000876,"MAR 07, 2001",NJN @ PHI,L,44,7,14,0.5,3,7,0.429,4,4,1.0,3,2,5.0,2,4,0,3,3,21,-2,0
362,22000,1496,0020000861,"MAR 05, 2001",NJN vs. MIL,L,36,5,13,0.385,3,9,0.333,2,4,0.5,0,8,8.0,3,0,0,0,5,15,2,0
363,22000,1496,0020000858,"MAR 04, 2001",NJN @ IND,W,37,7,15,0.467,3,6,0.5,6,7,0.857,0,7,7.0,1,0,1,1,3,23,24,0
364,22000,1496,0020000841,"MAR 02, 2001",NJN @ TOR,L,46,6,14,0.429,2,4,0.5,4,6,0.667,0,7,7.0,2,0,1,0,2,18,-12,0
365,22000,1496,0020000823,"FEB 28, 2001",NJN @ CHH,L,46,7,18,0.389,1,5,0.2,0,0,0.0,2,2,4.0,3,1,1,2,4,15,-2,0
366,22000,1496,0020000802,"FEB 25, 2001",NJN vs. WAS,W,39,7,13,0.538,1,3,0.333,6,8,0.75,2,6,8.0,2,2,0,4,4,21,19,0
367,22000,1496,0020000795,"FEB 24, 2001",NJN @ MIA,L,32,4,12,0.333,1,5,0.2,0,0,0.0,1,4,5.0,1,0,0,2,4,9,-8,0
368,22000,1496,0020000771,"FEB 21, 2001",NJN vs. TOR,W,36,10,16,0.625,5,8,0.625,3,4,0.75,0,8,8.0,1,0,1,2,2,28,-2,0
369,22000,1496,0020000749,"FEB 18, 2001",NJN vs. LAC,W,36,5,18,0.278,2,7,0.286,2,2,1.0,2,4,6.0,2,1,1,5,2,14,21,0
370,22000,1496,0020000736,"FEB 16, 2001",NJN @ NYK,L,18,1,5,0.2,0,1,0.0,0,0,0.0,2,3,5.0,1,0,0,1,5,2,-9,0
371,22000,1496,0020000726,"FEB 14, 2001",NJN @ DET,L,15,2,5,0.4,0,0,0.0,1,3,0.333,1,3,4.0,2,0,0,3,3,5,-6,0
372,22000,1496,0020000710,"FEB 13, 2001",NJN vs. LAL,L,44,8,17,0.471,2,3,0.667,2,2,1.0,4,4,8.0,1,2,0,1,2,20,-4,0
373,22000,1496,0020000706,"FEB 08, 2001",NJN vs. SAS,W,25,2,6,0.333,0,0,0.0,0,0,0.0,0,7,7.0,1,1,0,1,4,4,1,0
374,22000,1496,0020000690,"FEB 06, 2001",NJN vs. ATL,W,46,7,21,0.333,2,3,0.667,7,7,1.0,4,8,12.0,2,4,0,4,5,23,3,0
375,22000,1496,0020000679,"FEB 04, 2001",NJN vs. PHI,W,40,7,18,0.389,1,5,0.2,5,5,1.0,4,3,7.0,1,1,1,3,1,20,13,0
376,22000,1496,0020000646,"JAN 31, 2001",NJN vs. DET,L,37,5,17,0.294,1,3,0.333,8,10,0.8,1,6,7.0,2,1,1,1,4,19,-10,0
377,22000,1496,0020000638,"JAN 29, 2001",NJN @ VAN,L,15,1,4,0.25,1,1,1.0,0,0,0.0,0,2,2.0,0,0,0,2,6,3,-17,0
378,22000,1496,0020000628,"JAN 27, 2001",NJN @ SEA,L,33,1,12,0.083,0,3,0.0,2,4,0.5,1,8,9.0,1,0,0,1,4,4,-12,0
379,22000,1496,0020000616,"JAN 26, 2001",NJN @ LAL,L,42,10,19,0.526,2,5,0.4,3,4,0.75,0,4,4.0,3,3,0,2,1,25,-10,0
380,22000,1496,0020000606,"JAN 24, 2001",NJN @ GSW,L,25,4,9,0.444,1,3,0.333,3,3,1.0,0,5,5.0,0,2,0,3,4,12,0,0
381,22000,1496,0020000598,"JAN 23, 2001",NJN @ SAC,L,33,10,18,0.556,0,1,0.0,0,0,0.0,3,6,9.0,3,1,2,0,2,20,-18,0
382,22000,1496,0020000574,"JAN 20, 2001",NJN vs. CHI,W,40,13,21,0.619,3,3,1.0,2,2,1.0,2,2,4.0,2,1,2,2,2,31,26,0
383,22000,1496,0020000565,"JAN 19, 2001",NJN @ PHI,L,36,5,12,0.417,0,3,0.0,0,0,0.0,0,5,5.0,2,1,0,2,3,10,0,0
384,22000,1496,0020000551,"JAN 17, 2001",NJN vs. WAS,W,35,9,17,0.529,2,5,0.4,7,7,1.0,1,11,12.0,5,1,1,0,2,27,17,0
385,22000,1496,0020000539,"JAN 15, 2001",NJN @ ATL,W,38,10,20,0.5,3,6,0.5,1,2,0.5,4,5,9.0,1,1,0,3,2,24,0,0
386,22000,1496,0020000526,"JAN 13, 2001",NJN @ MIL,L,28,7,12,0.583,0,1,0.0,2,2,1.0,0,3,3.0,1,0,0,1,2,16,-16,0
387,22000,1496,0020000508,"JAN 11, 2001",NJN vs. ORL,L,37,1,12,0.083,0,3,0.0,7,8,0.875,4,7,11.0,3,0,0,3,3,9,-16,0
388,22000,1496,0020000492,"JAN 09, 2001",NJN vs. PHI,L,38,4,10,0.4,1,2,0.5,1,2,0.5,0,4,4.0,0,0,0,1,2,10,-9,0
389,22000,1496,0020000488,"JAN 08, 2001",NJN @ CLE,L,30,7,15,0.467,2,4,0.5,1,2,0.5,0,7,7.0,0,1,1,0,2,17,-4,0
390,22000,1496,0020000473,"JAN 06, 2001",NJN vs. GSW,W,24,8,16,0.5,1,4,0.25,2,6,0.333,1,4,5.0,0,2,1,0,6,19,16,0
391,21999,1496,0029901177,"APR 19, 2000",NJN vs. CLE,L,37,11,18,0.611,2,3,0.667,5,7,0.714,2,6,8.0,5,1,0,2,3,29,-4,0
392,21999,1496,0029901168,"APR 18, 2000",NJN @ ATL,L,52,10,22,0.455,1,4,0.25,3,3,1.0,1,13,14.0,2,0,2,6,5,24,1,0
393,21999,1496,0029901136,"APR 14, 2000",NJN vs. ORL,L,46,12,26,0.462,0,5,0.0,1,3,0.333,9,8,17.0,4,1,1,4,4,25,-4,0
394,21999,1496,0029901122,"APR 12, 2000",NJN @ NYK,L,47,13,25,0.52,2,5,0.4,4,4,1.0,0,6,6.0,3,2,0,2,2,32,-3,0
395,21999,1496,0029901115,"APR 11, 2000",NJN @ CHI,L,37,9,14,0.643,1,2,0.5,6,7,0.857,3,7,10.0,4,2,0,1,5,25,-5,0
396,21999,1496,0029901094,"APR 08, 2000",NJN @ MIL,L,34,5,14,0.357,1,2,0.5,8,9,0.889,1,5,6.0,3,0,0,5,2,19,-21,0
397,21999,1496,0029901083,"APR 07, 2000",NJN vs. MIA,L,36,4,14,0.286,0,2,0.0,5,7,0.714,0,7,7.0,4,0,0,3,4,13,-23,0
398,21999,1496,0029901071,"APR 05, 2000",NJN @ IND,L,35,8,15,0.533,1,1,1.0,9,9,1.0,2,7,9.0,2,1,0,4,3,26,-10,0
399,21999,1496,0029901057,"APR 04, 2000",NJN @ WAS,L,36,9,14,0.643,1,1,1.0,5,6,0.833,1,6,7.0,4,1,0,1,2,24,-7,0
400,21999,1496,0029901047,"APR 02, 2000",NJN vs. DET,L,31,4,7,0.571,1,2,0.5,2,2,1.0,0,5,5.0,0,0,0,4,0,11,-19,0
401,21999,1496,0029901034,"MAR 31, 2000",NJN @ ORL,L,36,8,24,0.333,0,3,0.0,4,4,1.0,4,5,9.0,4,0,0,2,2,20,-7,0
402,21999,1496,0029901026,"MAR 30, 2000",NJN vs. TOR,W,37,8,11,0.727,2,4,0.5,14,14,1.0,1,4,5.0,4,0,0,1,4,32,0,0
403,21999,1496,0029901010,"MAR 28, 2000",NJN vs. IND,W,37,12,24,0.5,3,5,0.6,3,4,0.75,4,6,10.0,1,3,0,2,3,30,6,0
404,21999,1496,0029900999,"MAR 26, 2000",NJN vs. DEN,L,34,6,15,0.4,2,2,1.0,6,8,0.75,3,7,10.0,2,0,3,1,3,20,-5,0
405,21999,1496,0029900984,"MAR 24, 2000",NJN vs. MIN,L,35,6,16,0.375,0,1,0.0,5,5,1.0,7,8,15.0,3,3,0,5,3,17,-6,0
406,21999,1496,0029900974,"MAR 22, 2000",NJN @ CHH,L,30,7,11,0.636,1,3,0.333,2,2,1.0,3,2,5.0,4,0,1,2,2,17,-15,0
407,21999,1496,0029900962,"MAR 21, 2000",NJN @ TOR,W,35,7,13,0.538,2,3,0.667,1,2,0.5,1,8,9.0,2,1,0,0,0,17,13,0
408,21999,1496,0029900948,"MAR 19, 2000",NJN vs. UTA,L,37,4,12,0.333,0,3,0.0,6,7,0.857,1,8,9.0,2,1,0,3,4,14,-9,0
409,21999,1496,0029900939,"MAR 18, 2000",NJN vs. MIL,W,39,10,16,0.625,2,5,0.4,5,6,0.833,3,9,12.0,1,0,0,5,3,27,6,0
410,21999,1496,0029900897,"MAR 12, 2000",NJN vs. ORL,W,28,6,10,0.6,1,3,0.333,0,0,0.0,0,2,2.0,2,0,1,6,2,13,6,0
411,21999,1496,0029900885,"MAR 10, 2000",NJN @ MIL,W,26,6,11,0.545,0,2,0.0,2,2,1.0,3,6,9.0,5,1,0,1,0,14,14,0
412,21999,1496,0029900868,"MAR 08, 2000",NJN vs. POR,W,29,6,12,0.5,0,3,0.0,3,5,0.6,2,2,4.0,1,0,1,3,6,15,9,0
413,21999,1496,0029900854,"MAR 06, 2000",NJN @ SAS,L,24,11,19,0.579,1,1,1.0,0,0,0.0,2,2,4.0,1,4,0,1,5,23,8,0
414,21999,1496,0029900841,"MAR 04, 2000",NJN @ HOU,L,43,9,22,0.409,0,2,0.0,6,6,1.0,4,8,12.0,2,1,0,1,1,24,-6,0
415,21999,1496,0029900827,"MAR 02, 2000",NJN @ DAL,W,34,10,16,0.625,2,4,0.5,1,2,0.5,2,9,11.0,1,1,1,2,2,23,-13,0
416,21999,1496,0029900820,"MAR 01, 2000",NJN @ DEN,W,35,10,20,0.5,0,2,0.0,5,6,0.833,2,9,11.0,1,1,1,2,4,25,6,0
417,21999,1496,0029900805,"FEB 28, 2000",NJN @ UTA,L,39,5,16,0.313,1,4,0.25,7,10,0.7,5,8,13.0,2,1,1,4,6,18,-8,0
418,21999,1496,0029900789,"FEB 26, 2000",NJN vs. CHH,W,37,12,16,0.75,2,3,0.667,3,4,0.75,3,8,11.0,1,2,2,4,3,29,9,0
419,21999,1496,0029900767,"FEB 23, 2000",NJN @ MIA,L,34,7,20,0.35,0,1,0.0,2,3,0.667,4,7,11.0,2,0,1,2,2,16,-17,0
420,21999,1496,0029900758,"FEB 22, 2000",NJN vs. LAL,L,36,4,13,0.308,0,3,0.0,2,3,0.667,2,14,16.0,1,0,0,1,1,10,-6,0
421,21999,1496,0029900746,"FEB 20, 2000",NJN @ MIN,W,22,4,8,0.5,2,3,0.667,2,2,1.0,0,5,5.0,1,1,2,4,4,12,1,0
422,21999,1496,0029900727,"FEB 18, 2000",NJN vs. MIA,W,41,5,15,0.333,2,4,0.5,7,9,0.778,3,8,11.0,0,2,1,2,1,19,12,0
423,21999,1496,0029900688,"FEB 09, 2000",NJN @ PHI,L,28,4,7,0.571,3,4,0.75,2,2,1.0,0,4,4.0,2,3,0,3,4,13,-18,0
424,21999,1496,0029900681,"FEB 08, 2000",NJN vs. BOS,W,32,9,16,0.563,3,6,0.5,9,11,0.818,2,7,9.0,3,0,1,8,4,30,12,0
425,21999,1496,0029900670,"FEB 06, 2000",NJN vs. GSW,W,27,4,16,0.25,0,1,0.0,5,6,0.833,7,4,11.0,2,0,0,3,5,13,21,0
426,21999,1496,0029900652,"FEB 04, 2000",NJN @ BOS,L,28,3,11,0.273,0,2,0.0,4,4,1.0,2,9,11.0,1,0,1,3,4,10,-8,0
427,21999,1496,0029900640,"FEB 02, 2000",NJN vs. ATL,L,36,9,19,0.474,2,4,0.5,8,8,1.0,4,6,10.0,2,0,2,2,5,28,-10,0
428,21999,1496,0029900620,"JAN 29, 2000",NJN @ LAC,L,38,5,18,0.278,1,3,0.333,0,0,0.0,3,3,6.0,1,0,0,2,4,11,-3,0
429,21999,1496,0029900605,"JAN 27, 2000",NJN @ VAN,L,39,7,14,0.5,1,5,0.2,4,6,0.667,1,5,6.0,2,0,1,1,3,19,3,0
430,21999,1496,0029900598,"JAN 26, 2000",NJN @ SEA,L,25,5,12,0.417,2,3,0.667,2,2,1.0,3,6,9.0,3,2,0,1,2,14,-2,0
431,21999,1496,0029900583,"JAN 24, 2000",NJN @ POR,L,42,6,15,0.4,1,2,0.5,4,5,0.8,0,5,5.0,4,1,0,4,4,17,-17,0
432,21999,1496,0029900564,"JAN 22, 2000",NJN vs. DAL,W,21,6,10,0.6,0,0,0.0,0,0,0.0,1,2,3.0,1,0,0,3,5,12,1,0
433,21999,1496,0029900552,"JAN 20, 2000",NJN vs. DET,W,37,9,20,0.45,3,8,0.375,7,7,1.0,1,1,2.0,3,0,0,4,6,28,-5,0
434,21999,1496,0029900544,"JAN 19, 2000",NJN @ NYK,L,33,4,12,0.333,2,4,0.5,6,6,1.0,2,7,9.0,1,1,0,2,2,16,4,0
435,21999,1496,0029900530,"JAN 17, 2000",NJN @ PHI,L,36,7,14,0.5,1,6,0.167,5,6,0.833,4,10,14.0,4,0,2,8,1,20,-12,0
436,21999,1496,0029900516,"JAN 15, 2000",NJN vs. BOS,L,37,5,13,0.385,1,5,0.2,9,11,0.818,4,7,11.0,3,1,1,4,3,20,4,0
437,21999,1496,0029900500,"JAN 13, 2000",NJN vs. LAC,W,35,7,17,0.412,0,2,0.0,5,7,0.714,4,5,9.0,0,0,0,4,4,19,-2,0
438,21999,1496,0029900479,"JAN 10, 2000",NJN @ ORL,W,37,8,15,0.533,3,5,0.6,1,1,1.0,3,7,10.0,1,1,4,7,4,20,1,0
439,21999,1496,0029900463,"JAN 08, 2000",NJN @ MIA,W,32,3,15,0.2,0,3,0.0,4,5,0.8,0,4,4.0,0,2,2,2,2,10,-4,0
440,21999,1496,0029900456,"JAN 07, 2000",NJN vs. VAN,L,37,8,17,0.471,3,8,0.375,0,1,0.0,1,4,5.0,2,1,3,5,3,19,-2,0
441,21999,1496,0029900434,"JAN 04, 2000",NJN @ IND,L,29,5,11,0.455,0,4,0.0,1,2,0.5,0,1,1.0,0,0,1,7,2,11,-17,0
442,21999,1496,0029900412,"DEC 30, 1999",NJN vs. ORL,W,33,9,23,0.391,1,5,0.2,1,1,1.0,7,4,11.0,1,0,1,4,4,20,16,0
443,21999,1496,0029900380,"DEC 26, 1999",NJN vs. CHI,W,22,5,10,0.5,3,3,1.0,4,4,1.0,0,3,3.0,1,0,1,1,1,17,14,0
444,21999,1496,0029900368,"DEC 23, 1999",NJN vs. PHI,W,33,11,18,0.611,1,4,0.25,2,2,1.0,3,9,12.0,2,1,1,3,5,25,6,0
445,21999,1496,0029900356,"DEC 21, 1999",NJN @ TOR,L,28,6,13,0.462,0,2,0.0,0,0,0.0,2,2,4.0,2,0,1,1,1,12,-26,0
446,21999,1496,0029900343,"DEC 19, 1999",NJN vs. ATL,W,36,9,21,0.429,2,3,0.667,0,2,0.0,1,7,8.0,0,1,1,0,1,20,8,0
447,21999,1496,0029900334,"DEC 18, 1999",NJN @ CLE,W,13,2,4,0.5,0,1,0.0,0,0,0.0,1,5,6.0,3,1,1,4,5,4,15,0
448,21999,1496,0029900316,"DEC 16, 1999",NJN @ WAS,L,29,9,14,0.643,1,2,0.5,4,6,0.667,1,3,4.0,1,1,2,3,5,23,-13,0
449,21999,1496,0029900309,"DEC 15, 1999",NJN vs. CLE,W,37,6,15,0.4,2,3,0.667,13,14,0.929,1,7,8.0,2,1,0,2,3,27,17,0
450,21999,1496,0029900282,"DEC 11, 1999",NJN vs. HOU,W,37,8,13,0.615,1,2,0.5,4,5,0.8,1,5,6.0,2,1,1,2,1,21,22,0
451,21999,1496,0029900279,"DEC 10, 1999",NJN @ CHI,L,32,9,18,0.5,1,2,0.5,0,0,0.0,3,8,11.0,1,0,0,3,4,19,-1,0
452,21999,1496,0029900261,"DEC 08, 1999",NJN vs. MIL,W,34,7,13,0.538,2,3,0.667,4,6,0.667,3,3,6.0,2,1,3,5,2,20,14,0
453,21999,1496,0029900247,"DEC 06, 1999",NJN vs. SAC,W,31,9,17,0.529,3,4,0.75,6,6,1.0,4,2,6.0,2,0,0,3,4,27,7,0
454,21999,1496,0029900232,"DEC 04, 1999",NJN vs. NYK,L,39,6,20,0.3,1,5,0.2,3,5,0.6,5,1,6.0,1,0,2,2,5,16,-3,0
455,21999,1496,0029900217,"DEC 02, 1999",NJN vs. SAS,L,40,9,20,0.45,1,3,0.333,1,1,1.0,1,2,3.0,1,0,0,3,4,20,-2,0
456,21999,1496,0029900201,"NOV 30, 1999",NJN vs. WAS,L,38,7,20,0.35,2,4,0.5,8,8,1.0,3,8,11.0,0,1,2,1,5,24,-3,0
457,21999,1496,0029900191,"NOV 27, 1999",NJN @ PHX,L,41,3,16,0.188,0,3,0.0,3,3,1.0,4,6,10.0,0,1,1,1,3,9,-34,0
458,21999,1496,0029900179,"NOV 26, 1999",NJN @ LAL,L,37,5,14,0.357,1,1,1.0,9,9,1.0,2,4,6.0,1,1,0,4,2,20,-20,0
459,21999,1496,0029900169,"NOV 24, 1999",NJN @ GSW,W,37,8,21,0.381,0,2,0.0,6,7,0.857,2,9,11.0,4,0,0,5,5,22,13,0
460,21999,1496,0029900159,"NOV 23, 1999",NJN @ SAC,L,45,6,22,0.273,0,2,0.0,0,3,0.0,7,10,17.0,3,1,1,2,2,12,-16,0
461,21999,1496,0029900134,"NOV 20, 1999",NJN vs. PHI,L,44,6,15,0.4,0,0,0.0,8,8,1.0,6,7,13.0,2,2,0,4,5,20,-2,0
462,21999,1496,0029900124,"NOV 19, 1999",NJN @ BOS,L,43,6,14,0.429,1,3,0.333,3,5,0.6,4,9,13.0,1,0,0,5,3,16,-14,0
463,21999,1496,0029900114,"NOV 17, 1999",NJN @ DET,L,37,9,18,0.5,0,0,0.0,12,14,0.857,2,7,9.0,1,1,0,2,3,30,-6,0
464,21999,1496,0029900096,"NOV 15, 1999",NJN vs. SEA,L,34,6,21,0.286,0,2,0.0,3,3,1.0,4,8,12.0,3,0,0,4,6,15,-6,0
465,21999,1496,0029900076,"NOV 12, 1999",NJN @ CHH,L,42,6,16,0.375,1,1,1.0,5,5,1.0,0,7,7.0,4,2,1,6,2,18,-7,0
466,21999,1496,0029900061,"NOV 10, 1999",NJN vs. PHX,L,23,4,10,0.4,0,0,0.0,2,2,1.0,1,0,1.0,0,0,1,2,4,10,-23,0
467,21999,1496,0029900046,"NOV 07, 1999",NJN vs. WAS,W,38,8,20,0.4,0,1,0.0,7,7,1.0,7,11,18.0,3,1,1,4,3,23,10,0
468,21999,1496,0029900028,"NOV 05, 1999",NJN vs. TOR,L,39,7,17,0.412,0,0,0.0,2,3,0.667,3,5,8.0,2,0,2,1,2,16,-6,0
469,21999,1496,0029900016,"NOV 03, 1999",NJN @ CLE,L,40,6,14,0.429,1,1,1.0,7,7,1.0,1,6,7.0,4,3,1,4,4,20,-8,0
470,21999,1496,0029900002,"NOV 02, 1999",NJN vs. IND,L,33,5,19,0.263,0,0,0.0,6,6,1.0,1,6,7.0,0,2,0,5,6,16,-21,0
471,21998,1496,0029800634,"APR 25, 1999",NJN vs. IND,W,30,9,17,0.529,2,2,1.0,2,2,1.0,3,3,6.0,4,1,1,2,2,22,18,0
472,21998,1496,0029800627,"APR 24, 1999",NJN @ CHH,L,41,10,20,0.5,0,0,0.0,2,3,0.667,1,6,7.0,1,2,1,4,2,22,-12,0
473,21998,1496,0029800602,"APR 21, 1999",NJN vs. CHI,W,32,7,14,0.5,0,1,0.0,14,14,1.0,1,7,8.0,1,2,0,0,3,28,26,0
474,21998,1496,0029800587,"APR 19, 1999",NJN vs. CHH,L,45,7,18,0.389,1,2,0.5,11,12,0.917,3,6,9.0,3,0,1,0,4,26,-2,0
475,21998,1496,0029800576,"APR 18, 1999",NJN vs. PHI,W,34,7,18,0.389,0,1,0.0,12,15,0.8,5,7,12.0,1,0,1,2,4,26,8,0
476,21998,1496,0029800570,"APR 16, 1999",NJN @ SEA,W,35,6,13,0.462,0,1,0.0,4,4,1.0,3,5,8.0,5,2,1,6,4,16,28,0
477,21998,1496,0029800552,"APR 14, 1999",NJN @ DEN,L,38,11,18,0.611,0,2,0.0,3,4,0.75,0,5,5.0,0,0,1,4,4,25,-21,0
478,21998,1496,0029800540,"APR 13, 1999",NJN @ LAC,L,39,9,19,0.474,1,2,0.5,14,16,0.875,5,3,8.0,2,2,0,2,4,33,-4,0
479,21998,1496,0029800520,"APR 11, 1999",NJN vs. NYK,L,35,3,14,0.214,0,0,0.0,4,5,0.8,3,6,9.0,1,2,0,6,3,10,-11,0
480,21998,1496,0029800504,"APR 09, 1999",NJN vs. TOR,W,47,11,20,0.55,0,1,0.0,8,8,1.0,5,7,12.0,0,0,3,4,2,30,7,0
481,21998,1496,0029800488,"APR 07, 1999",NJN vs. PHI,L,43,9,19,0.474,1,2,0.5,9,10,0.9,2,5,7.0,1,0,2,3,2,28,-2,0
482,21998,1496,0029800479,"APR 06, 1999",NJN @ WAS,W,35,10,22,0.455,0,0,0.0,6,7,0.857,4,9,13.0,1,1,0,1,2,26,18,0
483,21998,1496,0029800462,"APR 04, 1999",NJN @ BOS,W,39,6,19,0.316,0,0,0.0,13,13,1.0,2,4,6.0,5,2,1,2,3,25,15,0
484,21998,1496,0029800455,"APR 03, 1999",NJN vs. MIA,W,40,6,24,0.25,0,0,0.0,15,15,1.0,3,7,10.0,1,0,1,0,2,27,3,0
485,21998,1496,0029800438,"APR 01, 1999",NJN vs. ATL,W,42,11,17,0.647,0,0,0.0,2,2,1.0,5,4,9.0,1,2,2,3,5,24,1,0
486,21998,1496,0029800387,"MAR 26, 1999",NJN vs. IND,L,33,9,22,0.409,1,2,0.5,3,3,1.0,1,4,5.0,0,0,6,2,3,22,-14,0
487,21998,1496,0029800373,"MAR 24, 1999",NJN vs. DET,L,47,8,13,0.615,1,1,1.0,10,10,1.0,1,9,10.0,1,3,0,4,2,27,-12,0
488,21998,1496,0029800359,"MAR 22, 1999",NJN vs. TOR,W,29,3,8,0.375,0,0,0.0,3,4,0.75,0,6,6.0,3,0,1,2,6,9,5,0
489,21998,1496,0029800352,"MAR 21, 1999",NJN @ CLE,L,39,6,19,0.316,0,0,0.0,0,0,0.0,4,3,7.0,2,2,1,2,3,12,-1,0
490,21998,1496,0029800329,"MAR 18, 1999",NJN @ CHI,L,36,6,17,0.353,0,2,0.0,3,4,0.75,0,4,4.0,0,1,1,1,3,15,-23,0
491,21998,1496,0029800318,"MAR 17, 1999",NJN vs. DAL,W,34,7,17,0.412,0,1,0.0,5,6,0.833,5,5,10.0,2,0,3,3,5,19,14,0
492,21998,1496,0029800309,"MAR 16, 1999",NJN @ TOR,L,40,7,15,0.467,1,3,0.333,2,2,1.0,6,5,11.0,3,1,2,2,3,17,-21,0
493,21998,1496,0029800293,"MAR 14, 1999",NJN @ MIA,L,39,6,16,0.375,0,0,0.0,3,4,0.75,4,8,12.0,3,1,4,6,3,15,-12,0
494,21998,1496,0029800275,"MAR 12, 1999",NJN @ PHI,L,48,8,26,0.308,1,4,0.25,8,9,0.889,8,8,16.0,1,3,2,4,3,25,-8,0
495,21998,1496,0029800261,"MAR 10, 1999",NJN @ IND,L,32,6,15,0.4,1,1,1.0,9,10,0.9,1,6,7.0,0,0,2,5,4,22,-15,0
496,21998,1496,0029800250,"MAR 09, 1999",NJN @ CHI,L,31,5,10,0.5,0,0,0.0,7,8,0.875,1,6,7.0,0,1,1,2,5,17,-18,0
497,21998,1496,0029800234,"MAR 07, 1999",NJN @ NYK,L,39,8,24,0.333,1,2,0.5,5,8,0.625,8,8,16.0,2,1,1,3,1,22,-14,0
498,21998,1496,0029800212,"MAR 04, 1999",NJN vs. CHH,L,43,10,26,0.385,0,1,0.0,8,11,0.727,4,5,9.0,1,2,1,3,2,28,-18,0
499,21998,1496,0029800194,"MAR 02, 1999",NJN vs. MIL,L,37,9,20,0.45,0,3,0.0,9,9,1.0,3,5,8.0,0,0,1,6,2,27,-9,0
500,21998,1496,0029800187,"MAR 01, 1999",NJN @ BOS,W,37,9,23,0.391,0,3,0.0,2,4,0.5,2,9,11.0,4,3,1,3,2,20,5,0
501,21998,1496,0029800172,"FEB 27, 1999",NJN vs. BOS,L,34,9,18,0.5,0,0,0.0,4,4,1.0,1,7,8.0,1,1,1,3,4,22,-14,0
502,21998,1496,0029800147,"FEB 24, 1999",NJN vs. POR,L,37,6,14,0.429,0,3,0.0,3,4,0.75,1,7,8.0,2,0,0,8,3,15,-9,0
503,21998,1496,0029800138,"FEB 23, 1999",NJN @ NYK,L,40,5,17,0.294,0,0,0.0,3,4,0.75,0,13,13.0,2,2,0,2,2,13,-5,0
504,21998,1496,0029800127,"FEB 21, 1999",NJN @ IND,L,37,6,16,0.375,1,2,0.5,12,17,0.706,0,8,8.0,0,1,3,4,2,25,4,0
505,21998,1496,0029800118,"FEB 20, 1999",NJN @ CLE,L,37,8,16,0.5,0,0,0.0,5,6,0.833,0,5,5.0,1,0,1,4,2,21,-5,0
506,21998,1496,0029800101,"FEB 18, 1999",NJN vs. HOU,L,37,7,19,0.368,0,2,0.0,4,6,0.667,1,6,7.0,2,0,0,5,2,18,-3,0
507,21998,1496,0029800081,"FEB 16, 1999",NJN vs. DET,W,34,11,18,0.611,1,3,0.333,12,13,0.923,1,5,6.0,1,1,0,2,3,35,17,0
508,21998,1496,0029800075,"FEB 15, 1999",NJN @ MIA,L,32,7,16,0.438,1,2,0.5,4,4,1.0,4,2,6.0,0,0,0,0,2,19,-10,0
509,21998,1496,0029800057,"FEB 11, 1999",NJN @ MIL,L,35,5,15,0.333,0,1,0.0,3,3,1.0,5,6,11.0,1,0,2,4,5,13,-23,0
510,21998,1496,0029800045,"FEB 10, 1999",NJN vs. ORL,L,33,8,17,0.471,0,1,0.0,1,2,0.5,3,3,6.0,1,2,1,6,6,17,-6,0
511,21998,1496,0029800021,"FEB 07, 1999",NJN vs. ATL,W,41,9,20,0.45,1,1,1.0,5,6,0.833,1,4,5.0,4,2,2,7,5,24,9,0
512,21998,1496,0029800017,"FEB 06, 1999",NJN @ ATL,L,40,12,23,0.522,1,1,1.0,4,7,0.571,4,3,7.0,1,0,1,1,5,29,1,0
513,21997,1496,0029701181,"APR 19, 1998",NJN vs. DET,W,44,10,20,0.5,1,3,0.333,4,4,1.0,2,2,4.0,4,0,1,3,4,25,17,0
514,21997,1496,0029701165,"APR 17, 1998",NJN @ ORL,L,31,7,13,0.538,1,3,0.333,6,7,0.857,2,1,3.0,5,4,0,0,3,21,-4,0
515,21997,1496,0029701153,"APR 15, 1998",NJN @ CHH,L,42,11,24,0.458,0,3,0.0,2,4,0.5,4,4,8.0,0,1,0,2,2,24,-4,0
516,21997,1496,0029701141,"APR 14, 1998",NJN vs. TOR,L,40,9,23,0.391,0,1,0.0,7,9,0.778,7,9,16.0,1,0,0,3,3,25,-9,0
517,21997,1496,0029701133,"APR 12, 1998",NJN @ TOR,W,41,13,21,0.619,0,1,0.0,7,8,0.875,2,5,7.0,2,0,0,0,3,33,12,0
518,21997,1496,0029701124,"APR 11, 1998",NJN @ MIL,W,37,7,10,0.7,1,1,1.0,5,6,0.833,0,4,4.0,4,1,0,5,2,20,3,0
519,21997,1496,0029701100,"APR 08, 1998",NJN @ BOS,W,31,8,12,0.667,1,2,0.5,7,9,0.778,2,9,11.0,3,2,0,2,5,24,2,0
520,21997,1496,0029701086,"APR 06, 1998",NJN vs. CHH,W,34,8,15,0.533,0,2,0.0,5,5,1.0,0,4,4.0,1,1,0,2,5,21,11,0
521,21997,1496,0029701071,"APR 04, 1998",NJN vs. NYK,W,38,9,17,0.529,0,1,0.0,7,8,0.875,2,4,6.0,1,3,0,7,2,25,-2,0
522,21997,1496,0029701055,"APR 02, 1998",NJN vs. LAL,L,33,7,14,0.5,0,0,0.0,0,0,0.0,4,4,8.0,0,0,0,2,4,14,-13,0
523,21997,1496,0029701037,"MAR 31, 1998",NJN vs. ATL,W,33,8,14,0.571,3,3,1.0,3,4,0.75,1,5,6.0,3,0,0,3,3,22,10,0
524,21997,1496,0029701009,"MAR 27, 1998",NJN vs. BOS,L,41,3,13,0.231,0,3,0.0,3,3,1.0,0,5,5.0,1,2,0,3,3,9,0,0
525,21997,1496,0029700996,"MAR 25, 1998",NJN @ PHI,W,39,12,23,0.522,2,6,0.333,5,6,0.833,2,2,4.0,3,1,0,4,4,31,10,0
526,21997,1496,0029700974,"MAR 22, 1998",NJN vs. WAS,L,46,12,24,0.5,1,4,0.25,4,4,1.0,2,1,3.0,4,0,1,3,4,29,0,0
527,21997,1496,0029700963,"MAR 20, 1998",NJN @ IND,L,25,7,13,0.538,2,5,0.4,5,6,0.833,2,6,8.0,3,0,0,3,4,21,-2,0
528,21997,1496,0029700951,"MAR 19, 1998",NJN vs. ORL,W,34,7,16,0.438,0,1,0.0,5,6,0.833,3,5,8.0,2,1,1,4,4,19,2,0
529,21997,1496,0029700887,"MAR 10, 1998",NJN @ SAS,L,25,2,9,0.222,0,0,0.0,4,5,0.8,1,0,1.0,1,0,0,1,1,8,-10,0
530,21997,1496,0029700870,"MAR 08, 1998",NJN vs. CHH,L,42,9,19,0.474,2,4,0.5,0,0,0.0,5,4,9.0,1,3,0,3,4,20,-8,0
531,21997,1496,0029700857,"MAR 06, 1998",NJN vs. UTA,L,37,10,16,0.625,1,4,0.25,2,4,0.5,2,3,5.0,4,0,0,2,4,23,6,0
532,21997,1496,0029700835,"MAR 03, 1998",NJN @ NYK,L,41,4,14,0.286,1,4,0.25,5,5,1.0,2,7,9.0,3,2,0,2,3,14,-4,0
533,21997,1496,0029700824,"MAR 01, 1998",NJN @ MIA,L,43,9,19,0.474,1,5,0.2,3,4,0.75,2,6,8.0,2,0,1,4,4,22,2,0
534,21997,1496,0029700817,"FEB 28, 1998",NJN vs. MIA,L,35,4,19,0.211,1,4,0.25,4,4,1.0,0,4,4.0,2,1,0,3,2,13,-8,0
535,21997,1496,0029700803,"FEB 26, 1998",NJN vs. SAC,W,37,6,17,0.353,1,3,0.333,3,4,0.75,3,4,7.0,0,1,0,3,5,16,11,0
536,21997,1496,0029700788,"FEB 24, 1998",NJN vs. VAN,W,40,5,15,0.333,1,1,1.0,2,4,0.5,4,5,9.0,2,2,2,1,2,13,12,0
537,21997,1496,0029700768,"FEB 21, 1998",NJN vs. PHI,L,35,3,17,0.176,1,3,0.333,2,2,1.0,1,5,6.0,0,0,1,2,5,9,-23,0
538,21997,1496,0029700758,"FEB 20, 1998",NJN vs. CLE,L,40,5,18,0.278,1,3,0.333,5,5,1.0,4,7,11.0,3,0,3,4,3,16,-20,0
539,21997,1496,0029700746,"FEB 18, 1998",NJN @ ATL,L,35,9,23,0.391,2,5,0.4,2,3,0.667,7,6,13.0,5,0,0,2,5,22,-14,0
540,21997,1496,0029700732,"FEB 16, 1998",NJN vs. MIL,W,34,5,15,0.333,0,3,0.0,8,9,0.889,5,3,8.0,2,1,1,1,5,18,4,0
541,21997,1496,0029700718,"FEB 14, 1998",NJN @ PHI,W,33,5,19,0.263,1,3,0.333,5,5,1.0,3,3,6.0,2,2,1,1,4,16,6,0
542,21997,1496,0029700707,"FEB 13, 1998",NJN vs. TOR,W,30,9,12,0.75,2,3,0.667,4,4,1.0,4,8,12.0,1,0,0,2,4,24,9,0
543,21997,1496,0029700683,"FEB 10, 1998",NJN vs. DAL,W,38,6,14,0.429,0,2,0.0,5,5,1.0,4,5,9.0,2,1,0,1,2,17,11,0
544,21997,1496,0029700675,"FEB 05, 1998",NJN vs. PHX,W,26,9,18,0.5,1,1,1.0,1,1,1.0,3,1,4.0,0,1,0,3,3,20,7,0
545,21997,1496,0029700666,"FEB 03, 1998",NJN @ POR,L,38,8,22,0.364,1,5,0.2,4,4,1.0,4,2,6.0,4,4,1,1,3,21,3,0
546,21997,1496,0029700651,"FEB 01, 1998",NJN @ SEA,L,32,6,13,0.462,1,3,0.333,4,4,1.0,0,5,5.0,1,0,1,3,5,17,-13,0
547,21997,1496,0029700642,"JAN 31, 1998",NJN @ VAN,W,32,8,21,0.381,1,7,0.143,0,0,0.0,4,3,7.0,1,1,0,4,5,17,8,0
548,21997,1496,0029700620,"JAN 28, 1998",NJN @ LAL,W,38,10,19,0.526,3,5,0.6,7,7,1.0,0,5,5.0,2,0,0,4,1,30,19,0
549,21997,1496,0029700611,"JAN 27, 1998",NJN @ DEN,W,29,5,11,0.455,0,0,0.0,3,4,0.75,3,2,5.0,1,2,0,2,4,13,30,0
550,21997,1496,0029700586,"JAN 24, 1998",NJN @ WAS,L,27,3,12,0.25,0,1,0.0,1,1,1.0,2,2,4.0,0,2,0,4,4,7,-6,0
551,21997,1496,0029700578,"JAN 23, 1998",NJN vs. CHI,L,49,9,19,0.474,1,5,0.2,3,5,0.6,4,3,7.0,2,1,0,6,5,22,-3,0
552,21997,1496,0029700564,"JAN 21, 1998",NJN vs. HOU,W,46,8,17,0.471,1,4,0.25,2,2,1.0,1,4,5.0,5,1,2,3,1,19,3,0
553,21997,1496,0029700551,"JAN 19, 1998",NJN vs. SAS,W,44,7,30,0.233,3,10,0.3,4,4,1.0,3,7,10.0,0,0,1,1,2,21,20,0
554,21997,1496,0029700537,"JAN 17, 1998",NJN vs. ATL,W,44,8,17,0.471,1,4,0.25,6,7,0.857,1,1,2.0,2,1,2,0,4,23,18,0
555,21997,1496,0029700524,"JAN 15, 1998",NJN vs. LAC,L,42,7,15,0.467,2,5,0.4,10,12,0.833,1,6,7.0,1,0,0,3,4,26,-2,0
556,21997,1496,0029700510,"JAN 13, 1998",NJN @ CHH,W,24,1,3,0.333,0,1,0.0,1,1,1.0,0,3,3.0,1,0,0,2,5,3,1,0
557,21997,1496,0029700502,"JAN 12, 1998",NJN @ TOR,W,35,7,19,0.368,1,4,0.25,3,4,0.75,2,2,4.0,2,2,1,1,5,18,16,0
558,21997,1496,0029700489,"JAN 10, 1998",NJN vs. MIN,L,43,9,20,0.45,3,8,0.375,1,1,1.0,1,4,5.0,3,1,0,1,5,22,-5,0
559,21997,1496,0029700475,"JAN 08, 1998",NJN vs. ORL,W,44,7,17,0.412,1,4,0.25,4,5,0.8,2,3,5.0,1,0,0,3,0,19,0,0
560,21997,1496,0029700465,"JAN 07, 1998",NJN @ NYK,L,46,4,14,0.286,2,3,0.667,2,3,0.667,1,8,9.0,2,0,0,2,3,12,1,0
561,21997,1496,0029700441,"JAN 03, 1998",NJN @ CLE,L,45,5,16,0.313,0,4,0.0,5,6,0.833,2,4,6.0,1,0,1,3,2,15,-11,0
562,21997,1496,0029700426,"JAN 02, 1998",NJN vs. NYK,W,32,9,16,0.563,3,5,0.6,8,8,1.0,1,5,6.0,2,3,0,4,4,29,15,0
563,21997,1496,0029700414,"DEC 30, 1997",NJN @ IND,L,43,6,20,0.3,2,7,0.286,3,4,0.75,4,7,11.0,0,1,0,2,3,17,-20,0
564,21997,1496,0029700408,"DEC 29, 1997",NJN vs. WAS,W,41,10,19,0.526,2,7,0.286,10,10,1.0,1,9,10.0,1,2,1,1,4,32,9,0
565,21997,1496,0029700394,"DEC 27, 1997",NJN vs. MIL,W,55,12,26,0.462,0,6,0.0,2,4,0.5,5,8,13.0,1,1,1,4,3,26,3,0
566,21997,1496,0029700386,"DEC 26, 1997",NJN @ MIN,L,39,6,18,0.333,0,3,0.0,2,2,1.0,3,7,10.0,0,0,1,5,2,14,-15,0
567,21997,1496,0029700366,"DEC 22, 1997",NJN @ ORL,W,41,6,20,0.3,2,5,0.4,2,2,1.0,3,4,7.0,0,0,0,1,4,16,10,0
568,21997,1496,0029700349,"DEC 20, 1997",NJN vs. CHI,L,43,7,16,0.438,2,5,0.4,4,7,0.571,3,5,8.0,0,1,1,3,3,20,-8,0
569,21997,1496,0029700328,"DEC 17, 1997",NJN vs. DET,W,39,7,18,0.389,2,6,0.333,6,6,1.0,2,2,4.0,1,0,0,3,3,22,13,0
570,21997,1496,0029700301,"DEC 13, 1997",NJN vs. DEN,W,32,8,11,0.727,3,4,0.75,11,15,0.733,2,2,4.0,1,4,0,3,5,30,37,0
571,21997,1496,0029700287,"DEC 11, 1997",NJN @ DET,L,41,5,19,0.263,1,4,0.25,13,13,1.0,0,4,4.0,0,2,0,4,4,24,8,0
572,21997,1496,0029700268,"DEC 09, 1997",NJN @ WAS,L,38,9,19,0.474,3,7,0.429,2,4,0.5,0,2,2.0,0,3,0,2,5,23,-21,0
573,21997,1496,0029700265,"DEC 08, 1997",NJN @ MIA,L,39,7,14,0.5,0,3,0.0,2,4,0.5,2,4,6.0,2,1,0,1,2,16,-1,0
574,21997,1496,0029700242,"DEC 05, 1997",NJN vs. PHI,W,27,4,10,0.4,0,2,0.0,3,3,1.0,0,2,2.0,2,1,0,7,5,11,22,0
